     0/199     9.53G   0.04728   0.06641  0.005221    0.1189       193       640     0.539   0.09095   0.06718   0.01283   0.09335    0.6307   0.02062
     1/199     9.53G   0.03956   0.05478  0.001999   0.09634       160       640    0.5345    0.1583    0.1456   0.03839   0.09352    0.2048   0.04048
     2/199     9.53G   0.03555   0.05054  0.001501   0.08759       194       640    0.7399     0.541     0.578    0.1957   0.06537    0.2341   0.02072
     3/199     9.53G   0.03266   0.04781  0.001424    0.0819       193       640    0.8763    0.7856    0.8578    0.3975   0.04069    0.1882  0.008272
     4/199     9.53G   0.03141   0.04548  0.001291   0.07817       159       640    0.8403    0.6407    0.7456     0.317   0.04775    0.1949  0.006745
     5/199     9.53G   0.03003   0.04522  0.001162    0.0764       183       640    0.9084    0.8385    0.8834    0.4265   0.03827    0.1852   0.00307
     6/199     9.53G   0.02871   0.04425  0.001171   0.07413       126       640    0.9233    0.8645    0.9268    0.4832   0.03509    0.1877  0.002791
     7/199     9.53G   0.02856   0.04271  0.001034    0.0723       199       640    0.9292     0.887    0.9254    0.4614   0.03607    0.1957  0.001213
     8/199     9.53G   0.02754   0.04307  0.001039   0.07165       187       640    0.9492    0.9218     0.947    0.5227   0.03221    0.1969   0.00089
     9/199     9.53G   0.02724   0.04314  0.001069   0.07145       214       640    0.9396    0.8852    0.9414    0.5075   0.03276    0.2091  0.000895
    10/199     9.53G   0.02673   0.04204 0.0009454   0.06972       210       640    0.9415    0.9202    0.9541    0.5509   0.03075    0.2025  0.001529
    11/199     9.53G    0.0271   0.04183  0.001026   0.06995       147       640     0.944    0.9311     0.968    0.5665   0.02964     0.207 0.0006997
    12/199     9.53G   0.02645   0.04039 0.0008685   0.06771       188       640    0.9292    0.9326    0.9558    0.5134   0.03247    0.2283 0.0007705
    13/199     9.53G   0.02656   0.04247  0.001001   0.07004       163       640     0.906    0.8843    0.9203    0.4601   0.03593     0.236  0.001364
    14/199     9.53G   0.02715   0.04298  0.001032   0.07116       170       640    0.9478    0.8914    0.9366    0.5024   0.03435    0.2378  0.001304
    15/199     9.53G   0.02701   0.04091   0.00106   0.06898       158       640    0.9452    0.9261    0.9545    0.5272   0.03204    0.2305 0.0009152
    16/199     9.53G   0.02713   0.04158  0.001025   0.06973       201       640    0.9452    0.9278    0.9608     0.557   0.03047    0.2368 0.0008714
    17/199     9.53G   0.02691   0.04111  0.001012   0.06903       168       640    0.9634    0.9346    0.9745    0.5782   0.02917    0.2405 0.0008229
    18/199     9.53G   0.02671   0.04195  0.001114   0.06978       189       640    0.9344    0.8726    0.9242    0.4882   0.03456    0.2349  0.002289
    19/199     9.53G    0.0266    0.0412 0.0009092   0.06871       171       640    0.9414    0.9268    0.9591    0.5451    0.0307    0.2454 0.0009634
    20/199     9.53G   0.02655   0.04173   0.00106   0.06935       187       640    0.9456    0.9177    0.9531    0.5184   0.03256    0.2441  0.001073
    21/199     9.53G   0.02671   0.04178  0.001044   0.06954       213       640    0.9383    0.9054    0.9485    0.5231   0.03284     0.235  0.001957
    22/199     9.53G   0.02657   0.04128 0.0009905   0.06884       183       640    0.9257    0.9045    0.9401    0.4987   0.03377    0.2387  0.002214
    23/199     9.53G   0.02637   0.04042 0.0009975   0.06778       181       640    0.9445    0.9318    0.9637    0.5623   0.03041    0.2398  0.001396
    24/199     9.53G   0.02603   0.03981 0.0009953   0.06683       185       640    0.9576    0.9426    0.9728    0.5822   0.02984    0.2306  0.001142
    25/199     9.53G   0.02586   0.04061 0.0009834   0.06746       178       640    0.9525    0.9317    0.9698     0.566   0.02969    0.2463 0.0007332
    26/199     9.53G   0.02612   0.04111 0.0009204   0.06815       160       640    0.9615    0.9439    0.9692    0.5809   0.02949     0.241 0.0006898
    27/199     9.53G   0.02575   0.03995  0.000919   0.06663       138       640    0.9601    0.9367     0.971    0.5723   0.02961    0.2489  0.001292
    28/199     9.53G   0.02571   0.04026 0.0008782   0.06685       174       640    0.9623    0.9414    0.9772    0.5927   0.02928     0.249  0.001306
    29/199     9.53G   0.02562   0.04027 0.0008184   0.06671       162       640    0.9677    0.9324     0.969    0.5802   0.02868    0.2575 0.0006492
    30/199     9.53G   0.02552    0.0398 0.0008205   0.06614       149       640     0.966    0.9347    0.9689    0.5731   0.03015    0.2406  0.000818
    31/199     9.53G   0.02575   0.04025 0.0008093   0.06681       205       640    0.9518    0.9583    0.9801    0.5921   0.02848    0.2425 0.0008117
    32/199     9.53G   0.02564   0.04083 0.0009738   0.06744       188       640    0.9645     0.941    0.9731    0.5948   0.02853     0.238 0.0007996
    33/199     9.53G    0.0256   0.04027 0.0009519   0.06681       177       640    0.9521    0.9355    0.9697    0.5827   0.02932    0.2508  0.001062
    34/199     9.53G   0.02537   0.03966 0.0008516   0.06588       169       640    0.9466    0.9142    0.9583    0.5396   0.03218    0.2368  0.001388
    35/199     9.53G   0.02553   0.04065 0.0009042   0.06708       171       640    0.9613    0.9497    0.9743    0.5958   0.02839    0.2487  0.001156
    36/199     9.53G   0.02512   0.03945 0.0008253   0.06539       126       640    0.9661    0.9409    0.9751    0.5907   0.02921    0.2445  0.001421
    37/199     9.53G   0.02551   0.03985 0.0009421   0.06631       162       640    0.9617    0.9553    0.9752    0.6184   0.02709    0.2573 0.0009802
    38/199     9.53G   0.02515   0.03905 0.0008234   0.06503       155       640    0.9708    0.9581    0.9827    0.6193   0.02725    0.2596 0.0005859
    39/199     9.53G   0.02527   0.03843 0.0008796   0.06458       169       640    0.9565    0.9501    0.9775    0.6051   0.02826    0.2472 0.0004262
    40/199     9.53G     0.025   0.03967 0.0008705   0.06554       200       640    0.9627    0.9568    0.9846    0.6127   0.02761    0.2401  0.001079
    41/199     9.53G   0.02507   0.03992 0.0009131    0.0659       191       640    0.9505    0.9538    0.9744    0.5964     0.029    0.2395  0.001114
    42/199     9.53G   0.02504   0.03916 0.0009137   0.06512       170       640    0.9542    0.9633    0.9804    0.6175   0.02738    0.2544   0.00074
    43/199     9.53G   0.02508   0.03902 0.0009196   0.06501       194       640    0.9314     0.904     0.948    0.5163   0.03382    0.2502   0.00171
    44/199     9.53G   0.02527   0.03916  0.000892   0.06532       212       640    0.9672    0.9511    0.9778    0.6187   0.02719    0.2574  0.001202
    45/199     9.53G   0.02484    0.0387 0.0008243   0.06437       201       640    0.9671    0.9386     0.969    0.5985   0.02864    0.2506  0.001096
    46/199     9.53G   0.02459   0.03847 0.0008241   0.06388       180       640    0.9522    0.9453    0.9716    0.5767   0.02983    0.2655  0.001506
    47/199     9.53G   0.02474    0.0389 0.0008942   0.06454       161       640    0.9594    0.9501    0.9738    0.5813   0.02976    0.2528  0.001172
    48/199     9.53G   0.02464   0.03861  0.000829   0.06408       230       640    0.9661    0.9554    0.9782    0.6048   0.02798    0.2556 0.0009388
    49/199     9.53G   0.02492   0.03948 0.0008834   0.06528       152       640    0.9643    0.9479    0.9763    0.6022   0.02875    0.2515  0.001172
    50/199     9.53G   0.02469   0.03819 0.0006952   0.06358       186       640    0.9687     0.967    0.9858    0.6359   0.02677    0.2566 0.0006799
    51/199     9.53G   0.02466   0.03886 0.0007134   0.06423       155       640    0.9695    0.9726     0.988    0.6274   0.02679    0.2552 0.0007597
    52/199     9.53G   0.02455   0.03937 0.0008375   0.06476       218       640    0.9605    0.9694    0.9821     0.627   0.02658    0.2553 0.0006612
    53/199     9.53G   0.02485   0.03934 0.0009271   0.06511       150       640    0.9708    0.9586    0.9827    0.6252   0.02694    0.2485 0.0009534
    54/199     9.53G   0.02448   0.03855  0.000771    0.0638       236       640    0.9609    0.9628    0.9788    0.6098   0.02767    0.2568   0.00062
    55/199     9.53G   0.02451   0.03866 0.0007964   0.06397       197       640    0.9537    0.9621    0.9772    0.6051   0.02835    0.2535 0.0007589
    56/199     9.53G   0.02437   0.03872 0.0007848   0.06388       200       640    0.9566    0.9486    0.9783    0.5904   0.02899     0.264 0.0008639
    57/199     9.53G    0.0243   0.03864  0.000746   0.06369       187       640    0.9661    0.9641    0.9808    0.6108   0.02793    0.2575 0.0007981
    58/199     9.53G    0.0242   0.03818  0.000726    0.0631       163       640    0.9681    0.9647    0.9814      0.63   0.02655    0.2623  0.000575
    59/199     9.53G   0.02433   0.03849 0.0008626   0.06369       172       640    0.9634    0.9442    0.9765    0.5946     0.029     0.252 0.0009741
    60/199     9.53G   0.02412   0.03845 0.0008047   0.06338       185       640    0.9707    0.9616     0.982    0.6306   0.02674    0.2606  0.001069
    61/199     9.53G   0.02395    0.0382 0.0007286   0.06288       169       640    0.9745    0.9565    0.9833    0.6075   0.02805    0.2548  0.000612
    62/199     9.53G   0.02414   0.03824 0.0007305   0.06311       165       640    0.9723    0.9589    0.9814    0.6204    0.0273    0.2585 0.0007033
    63/199     9.53G   0.02429   0.03881 0.0008026   0.06391       198       640    0.9716    0.9672    0.9851    0.6404   0.02625    0.2564 0.0005872
    64/199     9.53G   0.02397   0.03788 0.0007435   0.06259       177       640    0.9694    0.9617    0.9848    0.6276    0.0272     0.263 0.0007605
    65/199     9.53G   0.02395   0.03837 0.0008376   0.06316       173       640    0.9788    0.9607    0.9815      0.64   0.02604    0.2627 0.0004518
    66/199     9.53G   0.02387   0.03756  0.000724   0.06215       224       640    0.9638    0.9697    0.9829    0.6287   0.02663    0.2587 0.0006658
    67/199     9.53G   0.02401   0.03805 0.0007567   0.06282       128       640    0.9717    0.9655    0.9836    0.6428    0.0261    0.2621 0.0007331
    68/199     9.53G   0.02392   0.03853 0.0008454    0.0633       151       640    0.9727    0.9679    0.9858    0.6407   0.02613    0.2555 0.0005152
    69/199     9.53G   0.02374    0.0382 0.0008193   0.06276       196       640    0.9733    0.9541    0.9835    0.6278   0.02685    0.2605 0.0005428
    70/199     9.53G   0.02376   0.03798 0.0007929   0.06254       181       640    0.9762    0.9677     0.985    0.6513   0.02551    0.2639 0.0007407
    71/199     9.53G   0.02366   0.03765 0.0006927     0.062       148       640    0.9708    0.9672     0.984    0.6372   0.02633     0.266 0.0005286
    72/199     9.53G   0.02385   0.03821 0.0008625   0.06292       178       640    0.9735    0.9431    0.9796    0.6101   0.02783    0.2557 0.0007356
    73/199     9.53G   0.02342   0.03725 0.0005945   0.06127       141       640    0.9708    0.9683    0.9846    0.6541   0.02551    0.2626 0.0006199
    74/199     9.53G   0.02348   0.03712 0.0007535   0.06135       157       640    0.9812    0.9676    0.9885     0.657   0.02534    0.2649 0.0004312
    75/199     9.53G   0.02339   0.03775  0.000746   0.06189       157       640    0.9757    0.9665    0.9859    0.6455   0.02589     0.262 0.0004536
    76/199     9.53G   0.02313   0.03718 0.0006979     0.061       211       640    0.9789    0.9727    0.9903    0.6553   0.02563    0.2626 0.0006201
    77/199     9.53G   0.02335   0.03793  0.000781   0.06206       153       640    0.9693    0.9586    0.9875    0.6329   0.02662    0.2585 0.0007777
    78/199     9.53G   0.02359   0.03771 0.0008235   0.06212       165       640    0.9733    0.9621    0.9834     0.633   0.02686    0.2619 0.0007006
    79/199     9.53G   0.02336   0.03609 0.0007026   0.06015       148       640    0.9683    0.9665    0.9863    0.6435    0.0261     0.255 0.0006914
    80/199     9.53G   0.02304   0.03762  0.000738    0.0614       202       640    0.9705    0.9694    0.9841     0.654   0.02542    0.2658 0.0005581
    81/199     9.53G     0.023   0.03717 0.0006493   0.06082       169       640    0.9688    0.9671    0.9832    0.6262   0.02717      0.26 0.0004924
    82/199     9.53G   0.02296   0.03759 0.0006943   0.06124       159       640    0.9816     0.972    0.9901    0.6602   0.02501    0.2639 0.0005694
    83/199     9.53G   0.02276   0.03708 0.0006362   0.06047       155       640    0.9776    0.9748    0.9894    0.6624   0.02482    0.2681 0.0005599
    84/199     9.53G   0.02305   0.03779 0.0007154   0.06156       140       640    0.9675    0.9598    0.9793     0.615   0.02774    0.2633 0.0007346
    85/199     9.53G   0.02299   0.03732 0.0006653   0.06097       206       640    0.9707    0.9683    0.9841    0.6507   0.02544    0.2641 0.0005944
    86/199     9.53G   0.02282   0.03751 0.0006261   0.06095       201       640    0.9789    0.9708    0.9885    0.6655   0.02469    0.2698 0.0005208
    87/199     9.53G   0.02286   0.03673 0.0007446   0.06033       180       640    0.9717    0.9678    0.9841    0.6483   0.02591    0.2663 0.0005037
    88/199     9.53G   0.02293   0.03722 0.0007099   0.06086       181       640     0.982    0.9679     0.992    0.6732   0.02462    0.2625 0.0004534
    89/199     9.53G   0.02293   0.03711 0.0006325   0.06067       198       640    0.9744    0.9765    0.9906    0.6676    0.0246    0.2657 0.0004573
    90/199     9.53G   0.02281   0.03703 0.0006873   0.06052       161       640    0.9715     0.963     0.985    0.6187     0.028    0.2603 0.0006817
    91/199     9.53G   0.02246    0.0368 0.0006176   0.05988       179       640    0.9762    0.9686    0.9869    0.6574   0.02549    0.2657 0.0005333
    92/199     9.53G   0.02235   0.03685 0.0006735   0.05988       165       640    0.9698     0.984    0.9913    0.6752   0.02423    0.2712 0.0006171
    93/199     9.53G    0.0225    0.0369 0.0006591   0.06005       189       640    0.9672    0.9761    0.9882    0.6519   0.02582    0.2657 0.0006643
    94/199     9.53G   0.02243   0.03618  0.000682    0.0593       148       640    0.9723    0.9796    0.9927    0.6761   0.02449    0.2679 0.0005172
    95/199     9.53G   0.02253   0.03759 0.0007722   0.06089       194       640    0.9729    0.9806    0.9917    0.6815   0.02405    0.2724 0.0006101
    96/199     9.53G   0.02251   0.03651  0.000758   0.05977       182       640    0.9732    0.9855    0.9912    0.6793   0.02402    0.2675 0.0005427
    97/199     9.53G    0.0223   0.03692 0.0007191   0.05993       145       640    0.9738    0.9822    0.9926    0.6653   0.02483    0.2632 0.0005757
    98/199     9.53G   0.02234   0.03659 0.0007061   0.05964       138       640    0.9713    0.9792    0.9911    0.6715   0.02456     0.274 0.0005817
    99/199     9.53G   0.02209   0.03623 0.0006777   0.05899       181       640    0.9757    0.9774    0.9904    0.6701    0.0246    0.2669 0.0006242
   100/199     9.53G   0.02226   0.03657 0.0006793   0.05952       175       640    0.9767    0.9725    0.9926    0.6746   0.02437    0.2679 0.0005099
   101/199     9.53G   0.02192     0.036 0.0005755   0.05849       188       640    0.9821     0.971    0.9912    0.6708   0.02465    0.2687 0.0005904
   102/199     9.53G   0.02213   0.03591 0.0006293   0.05867       220       640    0.9843     0.972    0.9915    0.6769   0.02417     0.271 0.0006233
   103/199     9.53G    0.0216   0.03554 0.0005286   0.05767       214       640    0.9856    0.9756    0.9925     0.683   0.02372    0.2707 0.0004447
   104/199     9.53G   0.02158   0.03602 0.0006431   0.05825       177       640    0.9778    0.9756    0.9902     0.671   0.02459    0.2692 0.0005174
   105/199     9.53G   0.02149   0.03507 0.0005767   0.05714       196       640    0.9781    0.9795    0.9921    0.6774   0.02436    0.2676 0.0006515
   106/199     9.53G   0.02147   0.03523 0.0006338   0.05734       182       640    0.9725    0.9779     0.993    0.6727   0.02486    0.2675 0.0006764
   107/199     9.53G   0.02162   0.03573 0.0006999   0.05805       199       640    0.9801    0.9776    0.9906     0.689   0.02336     0.274 0.0005091
   108/199     9.53G   0.02162   0.03601 0.0005784    0.0582       164       640    0.9688    0.9785    0.9882    0.6671   0.02451    0.2745 0.0006465
   109/199     9.53G   0.02158   0.03603 0.0006441   0.05826       171       640    0.9808    0.9762    0.9931    0.6756   0.02416    0.2735 0.0005332
   110/199     9.53G   0.02151   0.03557  0.000552   0.05764       162       640    0.9817     0.982    0.9937    0.6894   0.02344    0.2718 0.0004571
   111/199     9.53G   0.02134   0.03581  0.000564   0.05771       215       640     0.982    0.9817    0.9919    0.6845   0.02363    0.2719 0.0005075
   112/199     9.53G   0.02123   0.03506 0.0005954   0.05689       150       640    0.9865    0.9783    0.9904    0.6859   0.02371    0.2723 0.0005405
   113/199     9.53G   0.02141    0.0363 0.0006116   0.05832       189       640    0.9772    0.9733     0.989    0.6617   0.02528    0.2708 0.0005769
   114/199     9.53G   0.02112   0.03549 0.0005128   0.05713       173       640    0.9776    0.9797    0.9913    0.6823   0.02387    0.2733 0.0004744
   115/199     9.53G   0.02105   0.03511 0.0005776   0.05674       158       640    0.9777     0.977    0.9896    0.6913   0.02317    0.2789  0.000446
   116/199     9.53G   0.02116    0.0362 0.0006209   0.05798       164       640     0.978    0.9779    0.9882    0.6924   0.02323    0.2788 0.0004979
   117/199     9.53G   0.02105    0.0353 0.0005732   0.05692       207       640      0.98    0.9755    0.9914    0.6902   0.02343    0.2787 0.0005422
   118/199     9.53G   0.02108   0.03542 0.0005803   0.05708       157       640    0.9858    0.9735    0.9898    0.6923   0.02351    0.2765 0.0005777
   119/199     9.53G   0.02089   0.03561 0.0005889   0.05708       194       640    0.9706    0.9802    0.9919    0.6872   0.02368    0.2786 0.0005122
   120/199     9.53G   0.02099   0.03581 0.0006054    0.0574       219       640    0.9825    0.9749    0.9932    0.6981   0.02294     0.282 0.0005528
   121/199     9.53G   0.02078   0.03445 0.0004985   0.05572       145       640    0.9812    0.9801     0.992    0.7028   0.02279    0.2825 0.0005863
   122/199     9.53G   0.02076   0.03522 0.0006198    0.0566       166       640    0.9782    0.9835     0.992    0.7023   0.02285    0.2794 0.0005575
   123/199     9.53G   0.02079   0.03549 0.0006238    0.0569       166       640    0.9773    0.9826    0.9932    0.6938   0.02309    0.2819 0.0005896
   124/199     9.53G   0.02064    0.0342 0.0005032   0.05535       200       640    0.9823    0.9803     0.994    0.6968   0.02326    0.2822 0.0005593
   125/199     9.53G    0.0205   0.03441 0.0005924    0.0555       123       640    0.9757    0.9809     0.993    0.6882   0.02358    0.2793 0.0005351
   126/199     9.53G   0.02045   0.03502 0.0005781   0.05605       149       640    0.9788    0.9776    0.9918    0.6916    0.0236    0.2797 0.0005689
   127/199     9.53G   0.02051    0.0346 0.0006321   0.05574       156       640    0.9811    0.9785    0.9915    0.7019   0.02279    0.2817 0.0005471
   128/199     9.53G   0.02032   0.03392 0.0005974   0.05484       160       640    0.9765    0.9787    0.9909    0.6975   0.02298    0.2801 0.0006005
   129/199     9.53G   0.02049   0.03443 0.0005639   0.05548       179       640    0.9812     0.979    0.9932     0.703   0.02277    0.2806 0.0005553
   130/199     9.53G   0.02037   0.03529 0.0006067   0.05626       188       640    0.9764    0.9822    0.9905    0.6891   0.02349    0.2797  0.000567
   131/199     9.53G   0.02003   0.03424 0.0005572   0.05483       163       640    0.9856    0.9711    0.9913    0.6872   0.02368    0.2804 0.0005118
   132/199     9.53G   0.01989   0.03406 0.0005313   0.05448       182       640    0.9748    0.9845    0.9929    0.6972    0.0231    0.2808 0.0005205
   133/199     9.53G   0.02014   0.03427 0.0005433   0.05496       169       640    0.9799    0.9802    0.9932     0.699   0.02286    0.2804 0.0004692
   134/199     9.53G   0.02003   0.03465 0.0005849   0.05527       186       640    0.9768    0.9832    0.9917    0.7015    0.0228    0.2822 0.0004571
   135/199     9.53G   0.01998    0.0348  0.000568   0.05535       201       640    0.9839    0.9786    0.9933    0.7076   0.02261    0.2845 0.0004874
   136/199     9.53G   0.01985   0.03386 0.0004857   0.05419       170       640    0.9795    0.9847    0.9936    0.7045   0.02276    0.2832 0.0004599
   137/199     9.53G   0.01985   0.03394 0.0005497   0.05434       164       640    0.9761    0.9867    0.9933    0.7011   0.02298     0.287   0.00045
   138/199     9.53G   0.01966   0.03398 0.0004702   0.05411       202       640    0.9841    0.9768    0.9931    0.7063   0.02272    0.2877  0.000473
   139/199     9.53G   0.01967   0.03362 0.0004809   0.05377       151       640    0.9815    0.9811    0.9934    0.7039   0.02273    0.2872 0.0004786
   140/199     9.53G    0.0197   0.03391 0.0005353   0.05415       142       640    0.9802    0.9852    0.9939    0.7035   0.02273    0.2867 0.0004939
   141/199     9.53G   0.01956   0.03382 0.0005124   0.05389       210       640    0.9796    0.9828    0.9937    0.6996   0.02303    0.2878 0.0005072
   142/199     9.53G   0.01945   0.03359 0.0005288   0.05357       173       640    0.9816    0.9849    0.9942    0.7069   0.02257    0.2886 0.0004855
   143/199     9.53G   0.01942   0.03349 0.0005077   0.05341       193       640    0.9805    0.9838    0.9932    0.7047   0.02275    0.2892 0.0005008
   144/199     9.53G   0.01908   0.03283  0.000449   0.05236       169       640    0.9808     0.984    0.9939    0.7087   0.02259    0.2893 0.0004745
   145/199     9.53G   0.01921   0.03273 0.0005206   0.05246       157       640    0.9813    0.9828    0.9939    0.7062   0.02283    0.2894  0.000482
   146/199     9.53G   0.01907    0.0335 0.0005731   0.05314       207       640    0.9776    0.9837    0.9935    0.7048   0.02282    0.2913 0.0005079
   147/199     9.53G    0.0193    0.0335 0.0004711   0.05327       163       640    0.9792    0.9842    0.9935    0.7125   0.02238    0.2925 0.0004937
   148/199     9.53G   0.01926    0.0335 0.0005352    0.0533       178       640    0.9793    0.9832    0.9935    0.7137   0.02232    0.2939 0.0004952
   149/199     9.53G   0.01905   0.03323 0.0005023   0.05278       183       640    0.9859    0.9784    0.9936     0.713   0.02218    0.2943 0.0004758
   150/199     9.53G     0.019   0.03287 0.0004946   0.05237       199       640    0.9824    0.9833    0.9935    0.7163   0.02217    0.2946 0.0004819
   151/199     9.53G    0.0188   0.03272 0.0004245   0.05194       202       640    0.9819    0.9824    0.9939    0.7156   0.02226    0.2951 0.0004934
   152/199     9.53G   0.01879   0.03267 0.0004832   0.05194       179       640    0.9841    0.9793    0.9937    0.7124   0.02238    0.2945 0.0004746
   153/199     9.53G   0.01877   0.03219 0.0005026   0.05146       144       640    0.9837    0.9812    0.9936    0.7139   0.02231    0.2933 0.0004789
   154/199     9.53G    0.0188   0.03304 0.0004566    0.0523       152       640    0.9846    0.9801    0.9936    0.7142   0.02224     0.294 0.0004919
   155/199     9.53G   0.01901   0.03375 0.0005277   0.05329       189       640    0.9844    0.9804    0.9934    0.7106   0.02238    0.2958 0.0004853
   156/199     9.53G   0.01879    0.0331  0.000503   0.05239       184       640    0.9818    0.9832    0.9933    0.7129    0.0223    0.2965 0.0004716
   157/199     9.53G   0.01859   0.03195 0.0004543     0.051       140       640    0.9841    0.9808    0.9934    0.7114    0.0223    0.2969 0.0004626
   158/199     9.53G   0.01847   0.03259 0.0004693   0.05153       206       640    0.9813    0.9829    0.9931    0.7127   0.02235     0.297 0.0004786
   159/199     9.53G    0.0186   0.03309 0.0004482   0.05214       169       640    0.9841    0.9807    0.9929    0.7121   0.02236    0.2964 0.0004785
   160/199     9.53G   0.01846   0.03233 0.0004744   0.05126       206       640    0.9837    0.9805     0.993    0.7146   0.02231    0.2968 0.0004719
   161/199     9.53G    0.0187   0.03318 0.0004945   0.05238       225       640    0.9829    0.9816     0.993    0.7136   0.02238    0.2981  0.000461
   162/199     9.53G   0.01812   0.03213 0.0004608   0.05071       192       640    0.9849    0.9804    0.9932    0.7159   0.02223     0.298 0.0004558
   163/199     9.53G   0.01829   0.03239 0.0004543   0.05114       150       640    0.9831    0.9815    0.9933     0.716   0.02229    0.2988  0.000452
   164/199     9.53G   0.01826    0.0324 0.0004704   0.05113       192       640    0.9854    0.9805    0.9934    0.7158   0.02225    0.2996 0.0004501
   165/199     9.53G   0.01836   0.03221 0.0004488   0.05102       143       640    0.9829    0.9814    0.9936    0.7158   0.02229    0.2995  0.000456
   166/199     9.53G   0.01827   0.03261 0.0004941   0.05137       184       640     0.983    0.9809    0.9928    0.7166   0.02224    0.2999 0.0004672
   167/199     9.53G   0.01809   0.03167 0.0004605   0.05023       147       640    0.9836    0.9813    0.9924    0.7166   0.02219    0.3001 0.0004667
   168/199     9.53G   0.01797   0.03219 0.0004549   0.05062       145       640    0.9845     0.982    0.9939    0.7161   0.02222    0.3008 0.0004733
   169/199     9.53G   0.01788   0.03164 0.0003943   0.04992       180       640    0.9819    0.9826    0.9935     0.718   0.02214    0.3013 0.0004802
   170/199     9.53G   0.01804   0.03165  0.000428   0.05012       193       640    0.9829    0.9835    0.9936    0.7184   0.02207    0.3021 0.0004833
   171/199     9.53G   0.01776   0.03201 0.0004383    0.0502       170       640    0.9834    0.9818     0.993    0.7183    0.0221    0.3024 0.0004863
   172/199     9.53G   0.01803   0.03221 0.0004376   0.05068       147       640    0.9854    0.9797    0.9932    0.7202   0.02208    0.3027 0.0004915
   173/199     9.53G   0.01814   0.03242  0.000519   0.05108       213       640    0.9854      0.98    0.9925    0.7197   0.02206    0.3032 0.0004926
   174/199     9.53G   0.01808   0.03177    0.0005   0.05036       177       640     0.986    0.9798    0.9925    0.7208   0.02198    0.3034 0.0004973
   175/199     9.53G   0.01784    0.0318 0.0004511   0.05008       126       640    0.9832    0.9819    0.9928      0.72   0.02201    0.3034 0.0004988
   176/199     9.53G   0.01796   0.03244  0.000446   0.05084       191       640    0.9855      0.98    0.9928    0.7209   0.02202    0.3033 0.0004999
   177/199     9.53G   0.01781   0.03168  0.000455   0.04995       198       640    0.9838    0.9809    0.9928    0.7202   0.02203    0.3036 0.0004964
   178/199     9.53G   0.01772   0.03226 0.0004411   0.05042       187       640     0.985    0.9794    0.9926    0.7194   0.02205    0.3038 0.0004928
   179/199     9.53G   0.01818   0.03302 0.0005553   0.05176       159       640    0.9805    0.9837    0.9926    0.7203   0.02201    0.3038 0.0004911
   180/199     9.53G   0.01753   0.03154 0.0003902   0.04946       192       640    0.9805    0.9837    0.9928    0.7208   0.02199    0.3036 0.0004885
   181/199     9.53G   0.01765   0.03109 0.0004229   0.04916       204       640    0.9803    0.9837    0.9927    0.7211   0.02204    0.3039 0.0004885
   182/199     9.53G   0.01783   0.03161 0.0004064   0.04985       210       640    0.9801    0.9835    0.9927    0.7211   0.02204    0.3042 0.0004838
   183/199     9.53G   0.01784   0.03131 0.0004653   0.04961       157       640    0.9794    0.9845    0.9926    0.7202   0.02206    0.3045 0.0004825
   184/199     9.53G   0.01761   0.03121 0.0004261   0.04925       177       640     0.979    0.9849    0.9926    0.7199   0.02207    0.3046 0.0004771
   185/199     9.53G   0.01773    0.0318 0.0004953   0.05003       179       640    0.9808    0.9827    0.9927    0.7207   0.02205    0.3049 0.0004768
   186/199     9.53G   0.01753   0.03103 0.0004243   0.04899       157       640     0.982    0.9824    0.9926    0.7187   0.02208    0.3049 0.0004754
   187/199     9.53G   0.01737   0.03092 0.0004712   0.04877       161       640    0.9827    0.9826    0.9926    0.7198   0.02205    0.3052 0.0004763
   188/199     9.53G   0.01756   0.03175 0.0004164   0.04973       189       640    0.9826    0.9827    0.9926    0.7199   0.02207    0.3052 0.0004778
   189/199     9.53G   0.01747   0.03164 0.0004664   0.04958       178       640    0.9825    0.9827    0.9926    0.7194   0.02208    0.3052 0.0004779
   190/199     9.53G   0.01751   0.03168  0.000433   0.04963       172       640     0.983    0.9833     0.993    0.7215   0.02205    0.3054 0.0004777
   191/199     9.53G   0.01769    0.0317 0.0004726   0.04985       209       640    0.9825    0.9827    0.9927    0.7212   0.02202    0.3057 0.0004785
   192/199     9.53G   0.01733   0.03153 0.0004122   0.04927       169       640    0.9826    0.9828    0.9927    0.7218   0.02203    0.3056 0.0004783
   193/199     9.53G   0.01761   0.03183 0.0004889   0.04993       192       640    0.9821    0.9823    0.9927    0.7216   0.02206    0.3057 0.0004765
   194/199     9.53G   0.01749   0.03179 0.0004638   0.04974       202       640    0.9827    0.9828    0.9928    0.7209   0.02207    0.3057 0.0004784
   195/199     9.53G   0.01744   0.03111 0.0004617     0.049       147       640    0.9822    0.9822     0.993    0.7218   0.02203    0.3058 0.0004768
   196/199     9.53G   0.01769   0.03135 0.0004233   0.04947       185       640    0.9832    0.9832    0.9934    0.7203   0.02202     0.306  0.000477
   197/199     9.53G   0.01748   0.03127 0.0004424   0.04919       202       640    0.9824    0.9823    0.9931    0.7213   0.02202    0.3061 0.0004772
   198/199     9.53G   0.01738   0.03154 0.0004471   0.04937       141       640    0.9824    0.9824    0.9931    0.7217   0.02204    0.3061 0.0004766
   199/199     9.53G   0.01754   0.03104 0.0004933   0.04907       155       640    0.9823    0.9824    0.9931    0.7211   0.02205    0.3062 0.0004765
