     0/199     8.26G   0.02616   0.02778  0.001363    0.0553       227       640    0.9694     0.947    0.9804    0.6151   0.02886     0.187  0.000579
     0/199     8.26G   0.02611   0.02776  0.001355   0.05522       227       640    0.9614    0.9724    0.9846    0.6318   0.02801    0.1889 0.0004959
     0/199     8.26G    0.0261   0.02771  0.001357   0.05516       227       640    0.9611    0.9598    0.9815    0.6122   0.02909    0.1885 0.0005945
     1/199     10.5G   0.02592   0.02755  0.001211   0.05469       221       640    0.9708    0.9761    0.9885    0.6671   0.02602    0.1762 0.0005203
     0/199     3.86G   0.02584   0.02768  0.001362   0.05489       242       640    0.9613    0.9522    0.9755    0.5906   0.02982    0.2035  0.000744
     1/199     10.6G   0.02581   0.02794  0.001202   0.05496       265       640    0.9819    0.9782    0.9898    0.6987   0.02417    0.1819 0.0003894
     2/199     10.6G   0.02573   0.02721  0.001161    0.0541       256       640    0.9775    0.9775    0.9886    0.6989     0.024    0.1792 0.0004848
     3/199     10.6G   0.02576   0.02715  0.001126   0.05404       258       640    0.9816    0.9733     0.991    0.6809   0.02597    0.1729 0.0005586
     4/199     10.6G   0.02611   0.02708  0.001197   0.05438       202       640    0.9828    0.9653    0.9898    0.6679   0.02654    0.1751 0.0006158
     5/199     10.6G   0.02673   0.02781  0.001173   0.05571       228       640    0.9816    0.9669     0.987    0.6455   0.02789    0.1705 0.0009228
     6/199     10.6G   0.02646   0.02785  0.001132   0.05544       229       640    0.9691    0.9637    0.9875     0.649   0.02823    0.1716 0.0007813
     7/199     10.6G   0.02695   0.02748  0.001169    0.0556       251       640    0.9743    0.9741    0.9891    0.6701   0.02708    0.1731 0.0006664
     8/199     10.6G   0.02707    0.0276  0.001178   0.05585       203       640    0.9798    0.9693    0.9875    0.6491   0.02768    0.1763 0.0007457
     9/199     10.6G    0.0277   0.02879  0.001238   0.05772       187       640    0.9609    0.9556    0.9801    0.5967   0.03191    0.1749  0.001008
    10/199     10.6G   0.02773   0.02755  0.001178   0.05646       211       640    0.9761    0.9485    0.9827    0.6058   0.03053    0.1678 0.0009293
    11/199     10.6G   0.02884   0.02909  0.001327   0.05926       219       640    0.9489    0.9495    0.9763    0.5801   0.03233    0.1659  0.001049
     0/199     8.26G   0.02618   0.02779  0.001363   0.05533       227       640    0.9683    0.9646    0.9844    0.6327   0.02811    0.1868 0.0004985
     0/199     8.26G   0.02613   0.02776  0.001353   0.05525       227       640    0.9722    0.9715    0.9872    0.6379   0.02761    0.1861 0.0004411
     1/199     10.5G   0.02588   0.02766  0.001213   0.05476       221       640    0.9762    0.9834    0.9935    0.6898    0.0247    0.1764 0.0004647
     2/199     10.5G    0.0259   0.02749  0.001219   0.05461       215       640    0.9755    0.9773    0.9898    0.6833    0.0252    0.1738 0.0004664
     3/199     10.5G   0.02583   0.02729  0.001131   0.05425       174       640    0.9822    0.9716    0.9891    0.6601   0.02711    0.1582 0.0005479
     4/199     10.5G     0.026   0.02788  0.001228   0.05511       248       640     0.983    0.9749    0.9893    0.6879   0.02535    0.1536 0.0005105
     5/199     10.5G   0.02601   0.02776  0.001187   0.05496       162       640    0.9813     0.975      0.99    0.6777    0.0261    0.1546 0.0006585
     6/199     10.5G    0.0264   0.02775  0.001188   0.05533       180       640    0.9726    0.9736    0.9883    0.6704   0.02674    0.1504 0.0006298
     7/199     10.5G   0.02632   0.02735  0.001141   0.05481       211       640    0.9654     0.965    0.9829    0.6373   0.02887    0.1466  0.001005
     0/199     5.33G   0.02589    0.0276  0.001353   0.05484       227       640    0.9789    0.9652    0.9887    0.6455   0.02763    0.1835  0.000415
     0/199     5.33G   0.02592   0.02764  0.001363   0.05493       227       640    0.9708    0.9709    0.9879    0.6366   0.02806    0.1825 0.0004103
     1/199     10.6G   0.02574   0.02747  0.001208   0.05441       221       640    0.9744    0.9739    0.9884      0.65   0.02693    0.1703 0.0005017
     2/199     10.6G   0.02569   0.02735  0.001198   0.05424       215       640    0.9837    0.9761    0.9913    0.6936   0.02484    0.1724 0.0004756
     3/199     10.6G   0.02574    0.0272  0.001116   0.05406       174       640     0.981     0.967    0.9882    0.6568   0.02759    0.1551  0.000722
     0/199     3.92G   0.02574    0.0276  0.001353    0.0547       297       640    0.9815    0.9767    0.9908     0.674   0.02605    0.1802 0.0005031
     0/199     3.93G   0.02577    0.0276  0.001351   0.05472       297       640    0.9767    0.9756      0.99    0.6713   0.02634    0.1793 0.0005108
     0/199     3.93G   0.02577   0.02765  0.001347   0.05477       297       640    0.9795     0.974    0.9902    0.6676   0.02646    0.1804 0.0005468
     1/199     10.7G   0.02575   0.02705  0.001304    0.0541       283       640    0.9829    0.9791    0.9901    0.6903   0.02489    0.1691 0.0005853
     0/199     3.93G   0.02583   0.02767   0.00135   0.05484       297       640    0.9792    0.9739    0.9904    0.6675   0.02625    0.1758 0.0005113
     1/199     10.6G   0.02581   0.02703    0.0013   0.05414       283       640    0.9768    0.9818    0.9908    0.6915   0.02492    0.1679 0.0006033
     0/199     3.92G   0.02583   0.02767  0.001342   0.05485       297       640    0.9798     0.975    0.9905    0.6685   0.02623    0.1757 0.0005277
     1/199     10.6G   0.02578   0.02709  0.001286   0.05416       283       640    0.9851    0.9757    0.9912    0.6809   0.02553    0.1669 0.0005907
     2/199     10.6G   0.02563    0.0267  0.001177    0.0535       232       640    0.9806    0.9759    0.9889    0.6868   0.02557     0.163 0.0005888
     3/199     10.6G   0.02605   0.02748  0.001228   0.05476       218       640    0.9782    0.9748     0.991    0.6751   0.02662    0.1545 0.0008247
     4/199     10.6G    0.0261   0.02694  0.001231   0.05428       276       640    0.9808     0.979    0.9902    0.6871   0.02628    0.1514  0.001091
     5/199     10.6G   0.02628   0.02844  0.001201   0.05591       202       640    0.9831    0.9721    0.9921    0.6782   0.02674    0.1488 0.0009302
     6/199     10.6G   0.02653   0.02773  0.001231    0.0555       257       640     0.983    0.9721    0.9901    0.6592   0.02783     0.146 0.0008149
     0/199     3.93G   0.02587    0.0277  0.001351   0.05493       297       640    0.9816    0.9708    0.9899    0.6675   0.02631    0.1746 0.0005281
     1/199     10.6G   0.02583   0.02709   0.00131   0.05423       283       640    0.9775     0.982    0.9905    0.6921   0.02486    0.1649 0.0006083
     2/199     10.6G   0.02563   0.02665  0.001171   0.05345       232       640    0.9799    0.9715    0.9896    0.6752   0.02629    0.1619 0.0006096
     3/199     10.6G   0.02607   0.02744   0.00122   0.05472       218       640    0.9811    0.9746    0.9902    0.6774   0.02649    0.1515 0.0008819
     4/199     10.6G   0.02611   0.02701  0.001222   0.05435       276       640    0.9737    0.9787    0.9901    0.6908   0.02611    0.1482  0.001019
     5/199     10.6G   0.02627   0.02843  0.001209    0.0559       202       640    0.9811    0.9781    0.9905    0.6743   0.02672     0.152 0.0008949
     6/199     10.6G    0.0265   0.02771  0.001237   0.05545       257       640    0.9786     0.967    0.9879     0.648   0.02834     0.147 0.0008322
     7/199     10.6G   0.02641   0.02736  0.001195   0.05496       206       640    0.9805    0.9724    0.9913    0.6775   0.02738    0.1422   0.00089
     8/199     10.6G   0.02686    0.0279  0.001244     0.056       188       640    0.9789    0.9772    0.9892    0.6795   0.02708    0.1471 0.0009258
     9/199     10.6G   0.02668   0.02747  0.001253   0.05541       212       640    0.9711    0.9621     0.985    0.6534   0.02842    0.1478  0.001003
    10/199     10.6G   0.02706   0.02745  0.001162   0.05567       221       640    0.9742    0.9771    0.9871    0.6686   0.02863    0.1428 0.0009985
    11/199     10.6G   0.02741   0.02809  0.001288   0.05679       262       640    0.9498    0.9434    0.9696    0.5831    0.0327    0.1464  0.001222
    12/199     10.6G   0.02794   0.02842  0.001293   0.05765       199       640    0.9466    0.9578    0.9742    0.5888    0.0323     0.145  0.001204
    13/199     10.6G   0.02832   0.02835  0.001319   0.05798       198       640    0.9806    0.9619    0.9859    0.6354   0.03087    0.1456  0.001135
    14/199     10.6G   0.02907   0.02968  0.001339    0.0601       243       640    0.9605    0.9459    0.9738    0.6076   0.03206    0.1433  0.001538
    15/199     10.6G    0.0298   0.02996  0.001482   0.06124       280       640    0.9558     0.921    0.9609    0.5405   0.03599    0.1457  0.001676
    16/199     10.6G   0.02973   0.02927  0.001508    0.0605       189       640    0.9482    0.9237    0.9602    0.5551    0.0356    0.1407  0.001827
    17/199     10.6G   0.02997   0.02991  0.001465   0.06135       217       640    0.9502    0.9305    0.9605    0.5625   0.03575    0.1332   0.00191
    18/199     10.6G   0.02989   0.02926  0.001396   0.06054       201       640    0.9617    0.9534    0.9799    0.5984   0.03369    0.1418  0.001667
    19/199     10.6G   0.02977   0.02997  0.001367   0.06111       185       640    0.9662    0.9477     0.977    0.6049   0.03309    0.1443  0.001693
    20/199     10.6G   0.02926   0.02907  0.001389   0.05971       308       640    0.9606    0.8887    0.9507    0.5408   0.03776    0.1374   0.00201
    21/199     10.6G   0.02975   0.02984  0.001449   0.06104       216       640    0.9544    0.9363    0.9679    0.5906   0.03465    0.1375  0.001942
    22/199     10.6G   0.02994   0.02931  0.001486   0.06073       254       640    0.9146    0.8717    0.9197    0.4726   0.04146    0.1419  0.002603
    23/199     10.6G   0.02982   0.03006  0.001476   0.06136       218       640     0.965    0.9668    0.9826    0.6186    0.0328    0.1421   0.00135
    24/199     10.6G   0.02962   0.02948  0.001343   0.06045       260       640    0.9429    0.9244    0.9587     0.537   0.03757    0.1426  0.002166
    25/199     10.6G   0.02948   0.02902  0.001341   0.05985       190       640    0.9444    0.9051    0.9516    0.5511   0.03684    0.1439   0.00177
    26/199     10.6G   0.02955   0.02928  0.001357   0.06019       193       640    0.9389    0.9311    0.9588    0.5501   0.03672    0.1379  0.001986
    27/199     10.6G    0.0297   0.02947  0.001351   0.06052       249       640    0.9407    0.9472    0.9701    0.5572   0.03671    0.1417  0.001606
    28/199     10.6G   0.02989    0.0293  0.001391   0.06058       204       640    0.9707      0.93    0.9726    0.5875   0.03479    0.1421  0.001834
    29/199     10.6G   0.02928   0.02912  0.001396    0.0598       266       640    0.9452    0.9099    0.9502    0.5387   0.03818    0.1432  0.002333
    30/199     10.6G   0.02974   0.02974  0.001359   0.06084       231       640      0.97    0.9529    0.9796    0.6133   0.03423    0.1378  0.001436
    31/199     10.6G   0.02945   0.02851  0.001358   0.05933       188       640    0.9611    0.9479    0.9787    0.5846   0.03569     0.129  0.001821
    32/199     10.6G   0.02967    0.0296  0.001387   0.06066       243       640    0.9679    0.9576    0.9843    0.6057   0.03363    0.1457  0.001401
    33/199     10.6G    0.0295    0.0291  0.001293    0.0599       238       640    0.9707    0.9588    0.9804    0.6059   0.03376    0.1395  0.001712
    34/199     10.6G   0.02934   0.02908  0.001345   0.05976       216       640    0.9667    0.9541    0.9791    0.6063    0.0344    0.1383  0.001437
    35/199     10.6G   0.02942   0.02926  0.001385   0.06006       217       640    0.9534    0.9566    0.9753    0.5911   0.03492    0.1406  0.001639
    36/199     10.6G   0.02954   0.03014  0.001297   0.06098       158       640    0.9378    0.9539    0.9718     0.583   0.03514    0.1412  0.001411
    37/199     10.6G   0.02938   0.02925  0.001399   0.06003       235       640    0.9413    0.9587    0.9771    0.5917   0.03438    0.1337  0.001838
    38/199     10.6G   0.02908   0.02896   0.00134   0.05937       168       640    0.9547    0.9614    0.9779    0.6132   0.03398    0.1367  0.002006
    39/199     10.6G   0.02902    0.0289  0.001296   0.05922       185       640    0.9645    0.9324    0.9743    0.5912   0.03528    0.1445  0.001598
    40/199     10.6G   0.02917   0.02934   0.00127   0.05978       248       640    0.9655    0.9472    0.9804    0.6106   0.03409    0.1374   0.00148
    41/199     10.6G   0.02925    0.0298  0.001374   0.06042       189       640    0.9556    0.9261    0.9613    0.5682   0.03716    0.1336  0.002044
    42/199     10.6G    0.0291   0.02924  0.001352   0.05969       218       640    0.9556    0.9423    0.9739    0.5826   0.03573    0.1396  0.001946
    43/199     10.6G   0.02897   0.02871  0.001379   0.05906       191       640    0.9545    0.9376    0.9694    0.5848   0.03613    0.1415  0.002267
    44/199     10.6G    0.0289   0.02951  0.001261   0.05966       248       640    0.9666    0.9547    0.9793     0.608   0.03364    0.1377  0.001632
    45/199     10.6G   0.02907   0.02931  0.001154   0.05954       237       640    0.9643     0.948    0.9791    0.6011   0.03443    0.1402  0.001505
    46/199     10.6G   0.02904   0.03057  0.001325   0.06093       262       640    0.9728    0.9473    0.9815    0.6081   0.03442    0.1416   0.00189
    47/199     10.6G    0.0287   0.02948  0.001326   0.05951       173       640    0.9682    0.9462    0.9756    0.5902   0.03521    0.1333  0.001829
    48/199     10.6G   0.02881   0.02893  0.001227   0.05897       256       640      0.96    0.9495    0.9786    0.5897   0.03512    0.1416  0.001938
    49/199     10.6G   0.02876   0.02856  0.001184   0.05851       213       640    0.9703    0.9555    0.9787     0.623   0.03397    0.1403  0.001617
    50/199     10.6G   0.02829   0.02837  0.001185   0.05784       183       640    0.9673    0.9609    0.9791    0.6167   0.03376    0.1366  0.001649
    51/199     10.6G   0.02869     0.029  0.001216    0.0589       263       640    0.9202    0.9255    0.9542    0.5333   0.03894    0.1396  0.002447
    52/199     10.6G   0.02859   0.02887   0.00126   0.05872       221       640    0.9673    0.9533    0.9832    0.6218   0.03355    0.1447  0.001887
    53/199     10.6G   0.02888   0.02953  0.001242   0.05965       321       640    0.9663    0.9582    0.9817    0.6244   0.03391    0.1408   0.00179
    54/199     10.6G   0.02859   0.02899   0.00127   0.05885       255       640    0.9661     0.961    0.9795    0.6154   0.03413    0.1412  0.001583
    55/199     10.6G   0.02837   0.02867  0.001223   0.05827       240       640    0.9582    0.9499    0.9731    0.5893   0.03521    0.1429  0.001991
    56/199     10.6G   0.02859   0.02937  0.001212   0.05918       211       640     0.959    0.9565     0.979    0.6138   0.03417    0.1397  0.001726
    57/199     10.6G   0.02884   0.02866  0.001317   0.05882       210       640    0.9698    0.9571    0.9811    0.6266   0.03289    0.1349  0.001589
    58/199     10.6G   0.02827   0.02921  0.001206   0.05868       202       640    0.9655     0.972    0.9853    0.6289   0.03353    0.1399  0.001816
    59/199     10.6G   0.02853   0.02874  0.001193   0.05846       179       640    0.9669    0.9547    0.9792    0.6276   0.03367    0.1402  0.001536
    60/199     10.6G   0.02854    0.0285  0.001102   0.05813       164       640    0.9783    0.9444    0.9819    0.6224   0.03348    0.1378  0.001711
    61/199     10.6G    0.0283   0.02882  0.001235   0.05836       259       640    0.9703    0.9465    0.9805    0.6234   0.03402    0.1383  0.001731
    62/199     10.6G   0.02816   0.02844  0.001222   0.05781       214       640    0.9764    0.9685    0.9874    0.6358   0.03329    0.1404  0.001681
    63/199     10.6G   0.02815   0.02888  0.001171    0.0582       234       640     0.948    0.9677    0.9807    0.6199   0.03394    0.1443  0.002072
    64/199     10.6G   0.02858   0.02873  0.001168   0.05848       236       640      0.97    0.9655     0.981     0.628   0.03315     0.137   0.00142
    65/199     10.6G   0.02822   0.02875  0.001201   0.05817       200       640    0.9642    0.9625    0.9796    0.6358   0.03359    0.1388  0.001906
    66/199     10.6G   0.02822   0.02916  0.001173   0.05855       232       640    0.9716    0.9717    0.9907    0.6439   0.03292     0.137  0.001621
    67/199     10.6G   0.02779   0.02849  0.001184   0.05746       199       640    0.9657    0.9583    0.9809    0.6398   0.03313    0.1373  0.001991
    68/199     10.6G   0.02775   0.02826  0.001228   0.05723       188       640    0.9675    0.9592    0.9813    0.6261   0.03416    0.1416  0.001855
    69/199     10.6G   0.02786   0.02852   0.00121    0.0576       232       640    0.9706     0.966    0.9851    0.6322   0.03335    0.1399  0.001784
    70/199     10.6G   0.02814   0.02848  0.001203   0.05781       235       640    0.9728    0.9678    0.9858    0.6402   0.03282    0.1408  0.001637
    71/199     10.6G   0.02794   0.02802  0.001178   0.05713       215       640    0.9729    0.9608    0.9871    0.6391   0.03283    0.1448  0.002001
    72/199     10.6G   0.02753   0.02885  0.001174   0.05756       244       640    0.9756    0.9641    0.9878    0.6429   0.03282     0.139  0.001818
    73/199     10.6G   0.02776   0.02829  0.001166   0.05721       243       640    0.9626    0.9628    0.9852    0.6115   0.03471    0.1387  0.002107
    74/199     10.6G   0.02784    0.0286  0.001145   0.05759       212       640    0.9632     0.959    0.9785    0.6097   0.03502    0.1384  0.002036
    75/199     10.6G   0.02803   0.02839  0.001225   0.05765       257       640    0.9622      0.97    0.9872    0.6422   0.03339    0.1395   0.00165
    76/199     10.6G   0.02752   0.02842  0.001082   0.05702       232       640    0.9696    0.9705    0.9878    0.6465   0.03262    0.1393  0.001834
    77/199     10.6G   0.02755   0.02822   0.00107   0.05683       155       640    0.9614    0.9591    0.9799    0.6297   0.03382    0.1374   0.00165
    78/199     10.6G   0.02737    0.0288  0.001089   0.05727       269       640    0.9699     0.973    0.9863    0.6438   0.03265    0.1428  0.001718
    79/199     10.6G   0.02769   0.02865   0.00117   0.05751       198       640    0.9775    0.9566    0.9849    0.6337   0.03357      0.14  0.001822
    80/199     10.6G   0.02743   0.02834  0.001085   0.05685       244       640    0.9688    0.9661    0.9832    0.6449   0.03277    0.1404  0.001824
    81/199     10.6G   0.02749     0.028  0.001156   0.05665       229       640    0.9662    0.9626     0.981    0.6403   0.03288    0.1402  0.001884
    82/199     10.6G   0.02753   0.02868  0.001092    0.0573       236       640    0.9673    0.9666    0.9827    0.6418   0.03284    0.1388  0.001957
    83/199     10.6G   0.02722   0.02805  0.001141   0.05641       172       640    0.9785    0.9637     0.987    0.6494   0.03223    0.1412  0.001702
    84/199     10.6G   0.02715   0.02805  0.001101    0.0563       230       640     0.971    0.9648     0.987    0.6376   0.03264    0.1403  0.001775
    85/199     10.6G   0.02696   0.02793  0.001032   0.05591       211       640    0.9802    0.9653    0.9903    0.6548    0.0325     0.138  0.001901
    86/199     10.6G   0.02718   0.02762  0.001055   0.05585       233       640    0.9713    0.9695    0.9898    0.6565    0.0328    0.1427  0.002031
    87/199     10.6G   0.02733   0.02825  0.001131   0.05672       216       640    0.9755    0.9636    0.9862    0.6426   0.03324     0.139  0.002136
    88/199     10.6G   0.02686   0.02798 0.0009828   0.05582       194       640    0.9728    0.9668    0.9844     0.655   0.03265    0.1378  0.001803
    89/199     10.6G   0.02732   0.02817  0.001199   0.05669       241       640    0.9607    0.9782    0.9873    0.6586   0.03206    0.1425  0.001962
    90/199     10.6G   0.02691   0.02803  0.001047   0.05599       207       640    0.9723     0.977    0.9893    0.6556   0.03265    0.1385  0.001715
    91/199     10.6G   0.02714   0.02841  0.001123   0.05668       236       640     0.972    0.9643    0.9857     0.651   0.03245    0.1412  0.001716
    92/199     10.6G   0.02672   0.02823 0.0009926   0.05595       202       640    0.9532     0.973    0.9835    0.6395   0.03338    0.1417  0.001914
    93/199     10.6G   0.02679    0.0278 0.0009793   0.05557       237       640    0.9731    0.9752    0.9856    0.6598   0.03201    0.1416  0.001861
    94/199     10.6G   0.02662   0.02762  0.001027   0.05527       242       640    0.9847    0.9736    0.9915    0.6712   0.03189    0.1389   0.00197
    95/199     10.6G    0.0268   0.02768  0.001075   0.05556       233       640    0.9613    0.9824    0.9899    0.6697   0.03145    0.1403  0.001966
    96/199     10.6G   0.02668   0.02809  0.001044   0.05582       202       640    0.9679    0.9781    0.9922    0.6667   0.03204    0.1387  0.001855
    97/199     10.6G   0.02668   0.02808  0.001026   0.05578       237       640    0.9756    0.9755      0.99    0.6593    0.0324    0.1418  0.001975
    98/199     10.6G   0.02645   0.02671  0.001001   0.05417       182       640    0.9721    0.9776    0.9902     0.668   0.03179    0.1407  0.001875
    99/199     10.6G   0.02658   0.02797  0.001044    0.0556       271       640    0.9701    0.9807    0.9898    0.6656    0.0317    0.1402  0.001938
   100/199     10.6G   0.02675    0.0278  0.001003   0.05555       229       640    0.9646    0.9787    0.9898    0.6594   0.03258    0.1419  0.001836
   101/199     10.6G   0.02639   0.02766  0.001013   0.05507       239       640    0.9755    0.9744    0.9898    0.6633   0.03238    0.1392  0.001817
   102/199     10.6G   0.02617   0.02782 0.0009697   0.05497       233       640    0.9682    0.9795    0.9912    0.6714   0.03176    0.1386  0.001828
   103/199     10.6G   0.02616   0.02736 0.0009936   0.05451       170       640    0.9726    0.9785    0.9915    0.6682     0.032    0.1418   0.00186
   104/199     10.6G   0.02667   0.02745  0.001064   0.05518       189       640    0.9753    0.9757    0.9882    0.6758   0.03194    0.1411  0.001986
   105/199     10.6G   0.02606   0.02701 0.0009586   0.05403       249       640    0.9786     0.969    0.9886    0.6709   0.03166    0.1407  0.001805
   106/199     10.6G   0.02592   0.02745 0.0009855   0.05435       189       640    0.9733     0.974    0.9861    0.6646   0.03229    0.1403  0.001835
   107/199     10.6G   0.02627   0.02761  0.000991   0.05487       262       640    0.9788    0.9757     0.992      0.67   0.03186    0.1399  0.001829
   108/199     10.6G   0.02573   0.02729 0.0009724   0.05398       168       640    0.9767    0.9743    0.9901    0.6523   0.03243    0.1402  0.001861
   109/199     10.6G    0.0259   0.02717  0.000931     0.054       195       640    0.9785    0.9748    0.9901    0.6667   0.03165     0.143  0.001971
   110/199     10.6G   0.02567   0.02673 0.0009872   0.05338       197       640    0.9726    0.9776    0.9924    0.6743   0.03139    0.1426  0.001976
   111/199     10.6G   0.02594    0.0274   0.00101   0.05435       305       640    0.9723    0.9736      0.99    0.6763   0.03129    0.1435  0.001947
   112/199     10.6G   0.02562   0.02728 0.0009438   0.05384       170       640    0.9773    0.9774    0.9914    0.6799   0.03158    0.1413  0.001769
   113/199     10.6G   0.02621   0.02792  0.001011   0.05515       162       640    0.9705    0.9792    0.9897    0.6681   0.03184    0.1421  0.001806
   114/199     10.6G   0.02578   0.02722 0.0009317   0.05393       183       640    0.9696     0.982    0.9905     0.675   0.03162    0.1424  0.001891
   115/199     10.6G   0.02591   0.02757  0.001047   0.05452       196       640    0.9826    0.9668    0.9894    0.6792   0.03146    0.1435  0.001899
   116/199     10.6G   0.02578   0.02775 0.0009455   0.05447       280       640    0.9702    0.9819    0.9885    0.6788   0.03156    0.1434  0.001949
   117/199     10.6G   0.02564   0.02714  0.000922   0.05371       244       640     0.973    0.9774    0.9879    0.6797    0.0318    0.1405  0.001998
   118/199     10.6G   0.02576   0.02702 0.0009977   0.05377       200       640    0.9759    0.9746    0.9896    0.6761   0.03158    0.1403  0.001892
   119/199     10.6G   0.02556   0.02671 0.0009443   0.05322       215       640    0.9789    0.9745    0.9885    0.6763   0.03188     0.141  0.002085
   120/199     10.6G   0.02538   0.02766 0.0009401   0.05398       238       640    0.9763    0.9785    0.9936    0.6763    0.0319     0.141   0.00206
   121/199     10.6G   0.02554   0.02746 0.0009549   0.05395       245       640     0.977    0.9783    0.9927    0.6848   0.03116    0.1432  0.002059
   122/199     10.6G   0.02537   0.02667  0.000939   0.05298       200       640    0.9776    0.9794    0.9915    0.6902   0.03083    0.1437  0.002025
   123/199     10.6G   0.02547   0.02694 0.0009328   0.05334       240       640    0.9747    0.9758    0.9913    0.6803   0.03153    0.1439  0.001979
   124/199     10.6G   0.02531   0.02765 0.0009392    0.0539       214       640    0.9819    0.9699    0.9909    0.6743   0.03168    0.1434  0.001996
   125/199     10.6G    0.0252   0.02668 0.0009014   0.05278       273       640    0.9794    0.9738    0.9903    0.6782   0.03159    0.1425  0.002014
   126/199     10.6G   0.02504    0.0269 0.0008726   0.05281       193       640    0.9783     0.974    0.9903    0.6839   0.03128    0.1438  0.001979
   127/199     10.6G   0.02521   0.02729 0.0009266   0.05343       156       640    0.9798    0.9761    0.9912    0.6878   0.03101    0.1442  0.002028
   128/199     10.6G   0.02488   0.02729 0.0009667   0.05313       220       640    0.9751    0.9761    0.9899    0.6849   0.03113    0.1437  0.002079
   129/199     10.6G   0.02458   0.02661 0.0009213   0.05211       241       640    0.9754    0.9753    0.9894    0.6875   0.03113    0.1433  0.002149
   130/199     10.6G   0.02492   0.02677 0.0008596   0.05255       259       640      0.97    0.9831    0.9888    0.6903   0.03091    0.1443  0.002137
   131/199     10.6G   0.02506   0.02704 0.0009392   0.05304       203       640     0.974    0.9842    0.9905    0.6901   0.03104    0.1438  0.002091
   132/199     10.6G   0.02484   0.02724 0.0008613   0.05294       231       640    0.9773    0.9786    0.9909    0.6919   0.03083    0.1445  0.002026
   133/199     10.6G   0.02463   0.02613 0.0009075   0.05167       185       640    0.9705    0.9854    0.9922    0.6917   0.03086    0.1435  0.002012
   134/199     10.6G   0.02465   0.02644 0.0008484   0.05194       221       640    0.9739    0.9821    0.9909    0.6925   0.03092    0.1432  0.002048
   135/199     10.6G   0.02455   0.02657 0.0008719   0.05199       214       640    0.9731    0.9846    0.9908    0.6932    0.0308    0.1446  0.001993
   136/199     10.6G   0.02448   0.02649 0.0009264    0.0519       225       640    0.9865    0.9742      0.99    0.6971    0.0307    0.1446  0.002016
   137/199     10.6G   0.02461   0.02689 0.0008426   0.05234       234       640    0.9835    0.9748    0.9913     0.694   0.03087    0.1441   0.00197
   138/199     10.6G   0.02437   0.02645 0.0008536   0.05167       203       640    0.9818    0.9752    0.9903    0.6947   0.03102    0.1438  0.002022
   139/199     10.6G   0.02427   0.02647 0.0008198   0.05156       183       640    0.9802    0.9735    0.9898    0.6859   0.03131    0.1438  0.002101
   140/199     10.6G   0.02412   0.02608 0.0008146   0.05102       176       640    0.9807    0.9769    0.9908    0.6918   0.03092    0.1445  0.002109
   141/199     10.6G   0.02413   0.02575 0.0008589   0.05074       194       640    0.9756    0.9846    0.9913     0.698   0.03081    0.1441  0.002127
   142/199     10.6G   0.02402    0.0265 0.0008497   0.05137       211       640    0.9765    0.9841    0.9913    0.6991   0.03077    0.1443  0.002074
   143/199     10.6G   0.02417   0.02641 0.0008741   0.05146       258       640    0.9779    0.9839    0.9922    0.6993   0.03064    0.1442  0.002074
   144/199     10.6G    0.0244   0.02651 0.0008365   0.05175       201       640    0.9795    0.9845    0.9921    0.7002   0.03072    0.1448   0.00206
   145/199     10.6G   0.02404   0.02619 0.0008113   0.05104       206       640    0.9806    0.9825    0.9925    0.7018   0.03071    0.1451  0.002052
   146/199     10.6G    0.0243    0.0263 0.0008643   0.05147       228       640    0.9767    0.9845    0.9892    0.7017   0.03066    0.1449  0.002016
   147/199     10.6G   0.02391    0.0265 0.0008514   0.05126       265       640    0.9751    0.9831    0.9903    0.6978   0.03075    0.1452  0.002062
   148/199     10.6G   0.02385   0.02635 0.0007821   0.05099       211       640    0.9781    0.9782     0.989    0.6975   0.03089    0.1447  0.002064
   149/199     10.6G   0.02388   0.02615 0.0007755   0.05081       251       640    0.9792    0.9782    0.9916    0.7044   0.03063    0.1452  0.002044
   150/199     10.6G   0.02367   0.02601 0.0008244    0.0505       243       640    0.9817    0.9793    0.9923    0.7016   0.03067    0.1449   0.00207
   151/199     10.6G   0.02411   0.02726 0.0009529   0.05233       263       640    0.9798    0.9819    0.9924    0.7049   0.03047    0.1441  0.002031
   152/199     10.6G   0.02387   0.02632 0.0008808   0.05107       269       640    0.9778    0.9824    0.9919    0.7047    0.0305     0.143  0.001993
   153/199     10.6G   0.02353   0.02599  0.000788    0.0503       232       640    0.9758    0.9857    0.9913     0.707   0.03038    0.1436  0.002014
   154/199     10.6G   0.02353   0.02572 0.0007904   0.05004       207       640    0.9775    0.9862     0.992     0.705   0.03042    0.1437   0.00202
   155/199     10.6G   0.02348   0.02535 0.0008089   0.04963       207       640    0.9796    0.9845    0.9929    0.7061   0.03034    0.1448  0.002064
   156/199     10.6G   0.02358    0.0261  0.000843   0.05052       238       640    0.9789    0.9827    0.9931    0.7029   0.03051    0.1456  0.002107
   157/199     10.6G   0.02337   0.02549  0.000767   0.04963       198       640    0.9804    0.9834    0.9939    0.7051    0.0305    0.1455  0.002094
   158/199     10.6G   0.02361   0.02603 0.0008401   0.05048       229       640    0.9803    0.9837    0.9919     0.705   0.03052    0.1456   0.00208
   159/199     10.6G   0.02366   0.02595 0.0008091   0.05042       213       640    0.9812    0.9848    0.9923    0.7056   0.03051    0.1454  0.002092
   160/199     10.6G   0.02359   0.02592 0.0008566   0.05036       226       640      0.98    0.9849     0.992    0.7047   0.03056    0.1458   0.00209
   161/199     10.6G   0.02331   0.02556 0.0008214   0.04969       172       640    0.9771    0.9854    0.9924    0.7043   0.03057    0.1457  0.002099
   162/199     10.6G   0.02328   0.02609 0.0007636   0.05014       204       640    0.9787     0.983    0.9921    0.7068   0.03047    0.1455  0.002082
   163/199     10.6G   0.02337   0.02614 0.0008637   0.05037       195       640    0.9819    0.9815    0.9938    0.7065   0.03055    0.1455  0.002118
   164/199     10.6G   0.02343   0.02607  0.000854   0.05035       227       640    0.9817    0.9816    0.9938     0.707   0.03049    0.1457  0.002106
   165/199     10.6G   0.02323   0.02583 0.0007755   0.04983       255       640    0.9782    0.9845    0.9935    0.7065   0.03054    0.1464  0.002134
   166/199     10.6G   0.02316   0.02601 0.0008267   0.04999       218       640    0.9786    0.9867    0.9938    0.7078   0.03053    0.1468  0.002143
   167/199     10.6G    0.0232   0.02575  0.000829   0.04978       169       640    0.9797    0.9849    0.9918    0.7103   0.03044    0.1467  0.002169
   168/199     10.6G   0.02303   0.02636 0.0007616   0.05015       281       640    0.9784     0.987     0.992    0.7092   0.03047    0.1467  0.002169
   169/199     10.6G   0.02289   0.02507 0.0007994   0.04876       232       640     0.981    0.9848     0.992    0.7109   0.03036    0.1468  0.002167
   170/199     10.6G   0.02315   0.02562 0.0008136   0.04958       217       640    0.9829    0.9815    0.9913    0.7099    0.0304     0.147  0.002177
   171/199     10.6G   0.02282   0.02582  0.000777   0.04942       265       640    0.9835    0.9822    0.9923    0.7104   0.03036     0.147  0.002164
   172/199     10.6G   0.02279   0.02538 0.0007467   0.04891       192       640    0.9827    0.9839    0.9944    0.7119   0.03032    0.1468  0.002149
   173/199     10.6G   0.02281   0.02533 0.0007681   0.04891       195       640    0.9782    0.9856    0.9923    0.7136   0.03028    0.1469  0.002137
   174/199     10.6G   0.02287   0.02581 0.0007638   0.04945       232       640    0.9834      0.98    0.9923     0.713   0.03033    0.1469  0.002154
   175/199     10.6G   0.02289   0.02486 0.0008103   0.04857       202       640    0.9777    0.9848    0.9922    0.7106   0.03034    0.1469  0.002164
   176/199     10.6G   0.02275   0.02566 0.0007627   0.04917       210       640    0.9767    0.9862    0.9942    0.7115   0.03032    0.1469  0.002171
   177/199     10.6G    0.0226    0.0256 0.0007532   0.04895       210       640    0.9837     0.979    0.9937    0.7141   0.03026    0.1472  0.002171
   178/199     10.6G   0.02299   0.02557 0.0007987   0.04937       232       640    0.9847    0.9807    0.9946    0.7133   0.03025    0.1475  0.002172
   179/199     10.6G   0.02273   0.02601 0.0008202   0.04956       211       640    0.9841    0.9809    0.9946    0.7133   0.03025    0.1475  0.002178
   180/199     10.6G   0.02255   0.02537 0.0007681   0.04868       262       640    0.9799    0.9847    0.9945    0.7126   0.03027    0.1479  0.002173
   181/199     10.6G   0.02255   0.02548 0.0008496   0.04888       278       640    0.9788    0.9832    0.9936     0.712   0.03033    0.1479  0.002185
   182/199     10.6G   0.02271   0.02539 0.0007486   0.04885       167       640    0.9777    0.9847    0.9942    0.7107   0.03035    0.1481  0.002184
   183/199     10.6G   0.02261   0.02538 0.0007885   0.04878       253       640    0.9778    0.9847    0.9942     0.711   0.03036    0.1481  0.002169
   184/199     10.6G   0.02235    0.0251 0.0007445    0.0482       173       640     0.981    0.9818    0.9942    0.7117   0.03033     0.148  0.002165
   185/199     10.6G   0.02245   0.02505 0.0007147   0.04821       196       640      0.98     0.983    0.9942    0.7137   0.03028    0.1481  0.002163
   186/199     10.6G   0.02223   0.02558 0.0007315   0.04854       259       640    0.9811    0.9812    0.9942    0.7141   0.03026     0.148  0.002161
   187/199     10.6G   0.02224   0.02555 0.0006943   0.04849       184       640    0.9779    0.9838    0.9942    0.7138   0.03026     0.148  0.002161
   188/199     10.6G    0.0226   0.02615 0.0007716   0.04952       241       640    0.9775    0.9842    0.9941    0.7138   0.03029     0.148  0.002163
   189/199     10.6G   0.02257   0.02517 0.0007413   0.04848       203       640    0.9785    0.9848    0.9941    0.7139   0.03029    0.1481  0.002164
   190/199     10.6G   0.02213   0.02504 0.0007264    0.0479       197       640    0.9781    0.9846    0.9941    0.7145   0.03024    0.1481  0.002169
   191/199     10.6G    0.0228   0.02549  0.000783   0.04907       177       640    0.9768     0.986    0.9941    0.7135   0.03026    0.1482  0.002171
   192/199     10.6G   0.02253   0.02543 0.0008127   0.04878       172       640    0.9781    0.9846    0.9941    0.7139   0.03027    0.1481  0.002173
   193/199     10.6G   0.02227   0.02502 0.0007309   0.04801       233       640    0.9783    0.9852    0.9942    0.7136   0.03025    0.1484  0.002182
   194/199     10.6G   0.02203    0.0251 0.0006916   0.04782       222       640     0.979    0.9859    0.9947    0.7149   0.03022    0.1485  0.002178
   195/199     10.6G    0.0224   0.02493 0.0007714   0.04811       238       640    0.9785    0.9859    0.9945    0.7132   0.03024    0.1486  0.002172
   196/199     10.6G   0.02241    0.0255 0.0007947    0.0487       236       640    0.9787    0.9858    0.9942    0.7138   0.03022    0.1484  0.002181
   197/199     10.6G   0.02244   0.02602 0.0007431   0.04921       211       640    0.9804    0.9868    0.9949    0.7156   0.03019    0.1485  0.002198
   198/199     10.6G   0.02217   0.02514 0.0007066   0.04801       213       640    0.9821     0.985    0.9949    0.7162    0.0302    0.1487  0.002197
   199/199     10.6G   0.02205   0.02471 0.0007118   0.04747       267       640    0.9796    0.9849    0.9945    0.7153   0.03018    0.1489  0.002196
