     0/399     21.9G   0.03151    0.1195  0.003294    0.1543       210       640    0.9767    0.9379    0.9764    0.5888   0.02901   0.06253   0.00128
     1/399     23.2G   0.02934   0.08953  0.002074    0.1209       175       640    0.9705    0.9447    0.9752     0.588   0.02869   0.06006 0.0005936
     2/399     23.2G    0.0289   0.08858  0.001963    0.1194       188       640    0.9684    0.9317    0.9747    0.5915   0.02826    0.0595 0.0006985
     3/399     23.2G   0.02876   0.08852  0.001722     0.119       177       640    0.9664    0.9358     0.973    0.5827    0.0283   0.05953 0.0005049
     4/399     23.2G   0.02929   0.08881  0.001692    0.1198       169       640     0.951    0.9527    0.9701    0.5791   0.02833   0.05949 0.0004455
     5/399     23.2G   0.02981   0.09016  0.001897    0.1219       145       640    0.9459    0.9114    0.9592    0.5506    0.0305    0.0641  0.001005
     6/399     23.2G   0.03116   0.09286  0.001894    0.1259       165       640    0.9522    0.9076    0.9573    0.5562   0.02985   0.06423 0.0006373
     7/399     23.2G   0.03503    0.1087  0.002295    0.1461       190       640    0.8816     0.887     0.921    0.4443   0.03915   0.07561 0.0006276
     8/399     23.2G   0.03671    0.1016  0.001975    0.1403       171       640    0.9466    0.9264    0.9639    0.5398   0.03056   0.06361 0.0005417
     9/399     23.2G   0.03674    0.1012  0.002238    0.1401       181       640     0.933    0.8856    0.9386    0.4723   0.03467   0.06923 0.0008875
    10/399     23.2G    0.0374    0.1037  0.002276    0.1433       180       640    0.9313     0.917    0.9508    0.5111   0.03306   0.06608 0.0006389
    11/399     23.2G   0.03664    0.1038  0.002353    0.1428       174       640    0.9477    0.9072    0.9536    0.5091   0.03251   0.06669 0.0009085
    12/399     23.2G    0.0378    0.1064  0.002528    0.1467       205       640    0.9347    0.8764    0.9426     0.474   0.03483   0.06929 0.0008195
    13/399     23.2G    0.0395     0.109  0.002865    0.1514       207       640    0.9253    0.8632    0.9299    0.4691   0.03485   0.07172   0.00108
    14/399     23.2G   0.03924    0.1108  0.003157    0.1532       142       640    0.9241    0.8623    0.9237    0.4838   0.03432   0.07432  0.001134
    15/399     23.2G   0.03924     0.113  0.003382    0.1556       199       640    0.9411    0.8207    0.9062    0.4637   0.03567   0.08016  0.001407
    16/399     23.2G   0.03865    0.1095  0.003405    0.1516       159       640    0.9095    0.8634    0.9211    0.4853     0.034   0.07947  0.001249
    17/399     23.2G   0.03866    0.1092  0.003077     0.151       186       640    0.9318    0.8372    0.9146    0.4592   0.03556    0.0753  0.001767
    18/399     23.2G   0.03794    0.1069  0.003169     0.148       178       640    0.8881    0.7939    0.8586    0.4436   0.03672   0.09629  0.002411
    19/399     23.2G   0.03758    0.1066   0.00304    0.1472       190       640    0.9211    0.8653    0.9251    0.4771   0.03436   0.07971  0.001289
    20/399     23.2G   0.03739    0.1063  0.002934    0.1466       188       640    0.8973    0.7993    0.8806    0.4546   0.03634    0.1002  0.001957
    21/399     23.2G   0.03786    0.1078  0.003104    0.1488       218       640    0.8979    0.8033    0.8838    0.4465   0.03679   0.09785   0.00215
    22/399     23.2G   0.03704    0.1043   0.00288    0.1442       165       640    0.8912    0.6979    0.7998    0.3836   0.04164     0.124  0.003096
    23/399     23.2G    0.0366    0.1048  0.002973    0.1444       176       640    0.8242    0.6081    0.7034    0.3188   0.04673     0.145  0.005751
    24/399     23.2G   0.03731    0.1042  0.003122    0.1446       181       640    0.9029    0.6931    0.8124     0.405   0.04278    0.1307  0.003584
    25/399     23.2G   0.03701    0.1062  0.003096    0.1464       139       640    0.8375    0.6267    0.7199    0.3494   0.04753    0.1526  0.006855
    26/399     23.2G   0.03832     0.107  0.003168    0.1485       208       640    0.6852    0.5144     0.586    0.2403   0.05831    0.1659  0.007986
    27/399     23.2G   0.03762    0.1063  0.003131     0.147       153       640    0.7606    0.4555     0.533    0.2352   0.06208    0.1939   0.01203
    28/399     23.2G   0.03827    0.1064  0.003282     0.148       196       640     0.443     0.296    0.2493   0.09627   0.07673    0.2107   0.01946
    29/399     23.2G   0.04027    0.1098  0.003744    0.1538       173       640    0.5955    0.3928    0.4354    0.1792   0.06629    0.1948   0.01452
    30/399     23.2G   0.04039    0.1073  0.003525    0.1512       181       640    0.8965    0.6711    0.7808    0.3777   0.04546    0.1173  0.005452
    31/399     23.2G   0.04106    0.1095  0.003659    0.1542       200       640    0.9127    0.7946    0.8989    0.4372   0.03777   0.07872  0.002549
    32/399     23.2G   0.04146    0.1113  0.003581    0.1564       204       640    0.9021    0.8419    0.9025    0.4592   0.03584   0.07295  0.002145
    33/399     23.2G   0.04079    0.1103  0.003664    0.1548       160       640    0.8877    0.7948    0.8704    0.4292   0.03827   0.07966  0.003711
    34/399     23.2G   0.04065    0.1082  0.003457    0.1523       167       640    0.9202    0.8439    0.9112    0.4554   0.03695   0.07258  0.001934
    35/399     23.2G   0.04019    0.1076  0.003399    0.1511       164       640    0.9215     0.818    0.9156    0.4746   0.03487   0.07099  0.003578
    36/399     23.2G   0.04051    0.1102  0.003563    0.1543       169       640     0.931    0.8599    0.9325    0.4708   0.03521   0.06944  0.002204
    37/399     23.2G   0.03968    0.1077  0.003383    0.1508       192       640    0.9031    0.8427    0.8994    0.4364   0.03743   0.08242   0.00208
    38/399     23.2G   0.04001    0.1093  0.003424    0.1527       188       640    0.9074    0.8508    0.9097     0.446   0.03646   0.07081  0.001667
    39/399     23.2G   0.03999    0.1071    0.0032    0.1503       194       640    0.8816    0.8346    0.8914    0.4203   0.03896   0.07518  0.003292
    40/399     23.2G   0.03881    0.1057    0.0033    0.1478       195       640    0.9133    0.8919    0.9348    0.4843   0.03464   0.06857  0.001637
    41/399     23.2G   0.04014    0.1061  0.003208    0.1494       206       640    0.9042    0.8398     0.905    0.4428   0.03683   0.07144  0.002986
    42/399     23.2G   0.03896    0.1048  0.003209     0.147       154       640    0.9283    0.8606    0.9303    0.4719   0.03505    0.0691  0.001217
    43/399     23.2G   0.03903    0.1066  0.003403     0.149       190       640    0.9063    0.8157    0.8911    0.4545   0.03619   0.07553   0.00249
    44/399     23.2G    0.0385    0.1071  0.003167    0.1488       249       640    0.9233    0.8869    0.9332     0.475   0.03542   0.06745  0.001201
    45/399     23.2G    0.0395    0.1064  0.003253    0.1491       163       640    0.9351    0.8823    0.9409    0.4906   0.03382   0.06805  0.001327
    46/399     23.2G    0.0389    0.1047  0.002868    0.1464       183       640    0.9249     0.821    0.9064    0.4286   0.03735   0.07228  0.002011
    47/399     23.2G   0.03839    0.1071   0.00321    0.1487       156       640    0.9253    0.8736    0.9359    0.4784   0.03443   0.06731  0.001361
    48/399     23.2G   0.03852     0.105  0.002985    0.1465       215       640    0.9227    0.8914    0.9391    0.4884   0.03396   0.06808  0.001508
    49/399     23.2G   0.03816    0.1029  0.003034    0.1441       144       640    0.9248    0.8692    0.9244    0.4754   0.03488   0.06897  0.002307
    50/399     23.2G   0.03822    0.1029  0.002815    0.1439       189       640    0.8832    0.8457    0.8915    0.4417    0.0369   0.07354   0.00299
    51/399     23.2G   0.03766    0.1038  0.002845    0.1443       176       640    0.9334    0.8884    0.9383    0.4933   0.03342   0.06653   0.00137
    52/399     23.2G     0.038    0.1048  0.002878    0.1457       178       640    0.9525    0.8867    0.9466    0.5098   0.03277   0.06413  0.001296
    53/399     23.2G   0.03785    0.1037  0.002713    0.1442       156       640    0.9106     0.867    0.9254    0.4861   0.03405   0.07085  0.001458
    54/399     23.2G   0.03754     0.105   0.00298    0.1455       128       640    0.9231    0.8591    0.9256     0.462   0.03541   0.07092  0.001645
    55/399     23.2G   0.03753    0.1045  0.003106    0.1451       130       640    0.9331    0.8852    0.9418    0.4842   0.03402   0.06961  0.001379
    56/399     23.2G   0.03735    0.1047  0.002865    0.1449       193       640    0.9367    0.9149    0.9548    0.5223   0.03185    0.0637  0.001293
    57/399     23.2G   0.03773    0.1039  0.002735    0.1444       177       640    0.9405    0.8197    0.8949    0.4681   0.03518   0.08046  0.002149
    58/399     23.2G   0.03752    0.1045  0.002856    0.1449       190       640    0.9247    0.9008    0.9383    0.5003   0.03369   0.06645  0.001562
    59/399     23.2G   0.03734    0.1049  0.002981    0.1452       188       640    0.9283    0.8987    0.9446    0.5009   0.03304   0.06625  0.001302
    60/399     23.2G   0.03748    0.1002  0.002669    0.1404       185       640     0.952     0.912    0.9575    0.5169   0.03242    0.0625  0.000572
    61/399     23.2G   0.03725    0.1033  0.002968    0.1435       159       640    0.9406    0.9095    0.9543    0.5223   0.03197   0.06346 0.0009202
    62/399     23.2G   0.03724     0.103  0.002566    0.1428       142       640    0.9445    0.9265    0.9571      0.52    0.0319   0.06314 0.0007706
    63/399     23.2G   0.03645   0.09828  0.002618    0.1373       169       640    0.9348    0.8979    0.9481    0.5156    0.0326   0.06495 0.0009904
    64/399     23.2G   0.03674   0.09962  0.002589     0.139       172       640    0.9494    0.8905    0.9495    0.5134   0.03246   0.06417  0.001509
    65/399     23.2G   0.03643    0.1021  0.002864    0.1414       196       640    0.9225    0.8953     0.937    0.4966   0.03327   0.06665 0.0009051
    66/399     23.2G   0.03721    0.1014  0.002595    0.1412       196       640     0.931    0.9143     0.952    0.5054   0.03288   0.06403 0.0007186
    67/399     23.2G   0.03604   0.09964   0.00267    0.1384       186       640     0.953    0.8615    0.9401    0.5075   0.03301    0.0668  0.001175
    68/399     23.2G    0.0366    0.1006  0.002742      0.14       155       640    0.9453    0.8983    0.9494    0.5316    0.0317   0.06532  0.001404
    69/399     23.2G   0.03613    0.1014  0.002535    0.1401       163       640    0.9482    0.9168    0.9533    0.5225   0.03172   0.06348 0.0009252
    70/399     23.2G   0.03637    0.1001  0.002462    0.1389       177       640    0.9223    0.9208    0.9501    0.5173   0.03233   0.06366  0.000904
    71/399     23.2G   0.03611   0.09906   0.00251    0.1377       196       640    0.9313    0.8959    0.9387    0.5092   0.03274   0.06636  0.001505
    72/399     23.2G   0.03581   0.09788   0.00232     0.136       170       640    0.9324     0.927    0.9607    0.5356   0.03113   0.06266 0.0006775
    73/399     23.2G   0.03601   0.09932   0.00265     0.138       166       640    0.9553    0.9134    0.9554    0.5364   0.03145   0.06037 0.0006187
    74/399     23.2G    0.0356     0.098  0.002403     0.136       202       640    0.9414    0.9236    0.9608    0.5404   0.03073   0.06151 0.0008766
    75/399     23.2G   0.03565   0.09881  0.002644    0.1371       215       640    0.9377    0.9365    0.9613     0.517   0.03227   0.06266 0.0005876
    76/399     23.2G   0.03619   0.09831  0.002508     0.137       146       640    0.9512    0.9197    0.9658    0.5319   0.03113    0.0612 0.0005523
    77/399     23.2G   0.03578   0.09825  0.002555    0.1366       194       640    0.9509    0.9185    0.9638    0.5432   0.03086   0.06127 0.0006664
    78/399     23.2G   0.03531   0.09881  0.002361    0.1365       216       640    0.9547    0.8984    0.9514    0.5311   0.03162   0.06518  0.001337
    79/399     23.2G    0.0364    0.1009    0.0026    0.1399       175       640    0.9515    0.9265     0.962    0.5448   0.03029   0.05967 0.0007217
    80/399     23.2G   0.03506   0.09619  0.002325    0.1336       168       640    0.9647    0.9048    0.9571    0.5376    0.0315   0.06089 0.0006035
    81/399     23.2G   0.03532    0.0984  0.002509    0.1362       199       640    0.9466    0.9357    0.9687    0.5379   0.03077   0.06072 0.0005047
    82/399     23.2G   0.03534   0.09954  0.002516    0.1374       192       640    0.9489    0.9291    0.9596    0.5517    0.0304   0.05905 0.0008036
    83/399     23.2G   0.03495   0.09862  0.002335    0.1359       199       640     0.948    0.9236    0.9647    0.5483   0.03057   0.06207 0.0007538
    84/399     23.2G    0.0351   0.09755  0.002446    0.1351       179       640     0.934    0.9139    0.9554    0.5423   0.03076   0.06232  0.001032
    85/399     23.2G   0.03511   0.09692  0.002336    0.1344       199       640    0.9331    0.9246    0.9629    0.5363   0.03104   0.06146   0.00102
    86/399     23.2G   0.03486   0.09556  0.002329    0.1327       188       640     0.936    0.9104    0.9509     0.521   0.03212   0.06472 0.0008521
    87/399     23.2G   0.03577    0.1003  0.002515    0.1386       184       640    0.9476    0.9289    0.9685    0.5538    0.0302   0.06003 0.0007555
    88/399     23.2G    0.0346   0.09545  0.002274    0.1323       218       640    0.9681    0.9206    0.9686    0.5507   0.03007   0.05916 0.0004783
    89/399     23.2G   0.03479   0.09885  0.002489    0.1361       152       640    0.9443    0.9191    0.9603    0.5445   0.03053   0.06102  0.001105
    90/399     23.2G   0.03496   0.09717    0.0024    0.1345       189       640      0.94    0.9383     0.963    0.5486   0.03011   0.05991 0.0004232
    91/399     23.2G   0.03431   0.09385  0.002236    0.1304       181       640    0.9576     0.932    0.9706    0.5628   0.02926    0.0587 0.0006067
    92/399     23.2G   0.03438   0.09546  0.002283    0.1321       194       640    0.9619    0.9259    0.9637    0.5498   0.03025   0.05981 0.0007432
    93/399     23.2G   0.03421   0.09397  0.002227    0.1304       159       640    0.9513    0.9188    0.9612    0.5535   0.03022   0.06114 0.0008967
    94/399     23.2G   0.03463   0.09695  0.002442     0.134       131       640    0.9567    0.9447    0.9758    0.5608   0.02961   0.05893 0.0005877
    95/399     23.2G   0.03451   0.09683  0.002194    0.1335       202       640    0.9649    0.9312    0.9735    0.5602   0.02959   0.05861 0.0005061
    96/399     23.2G   0.03461   0.09458  0.002475    0.1317       201       640    0.9654    0.9285    0.9747    0.5502   0.03033   0.05984 0.0004382
    97/399     23.2G    0.0344   0.09583  0.002102    0.1323       173       640    0.9408    0.9328    0.9621    0.5354   0.03093   0.06165   0.00107
    98/399     23.2G   0.03411   0.09601  0.002331    0.1324       188       640    0.9593    0.9328     0.971    0.5594   0.02965   0.05797 0.0003812
    99/399     23.2G   0.03406    0.0972  0.002468    0.1337       223       640    0.9612    0.9342    0.9695    0.5597   0.02989   0.05939 0.0004886
   100/399     23.2G   0.03436   0.09564   0.00244    0.1324       181       640    0.9545    0.9504    0.9744     0.569   0.02908   0.05822 0.0006698
   101/399     23.2G   0.03406    0.0953  0.002392    0.1318       210       640    0.9625    0.9354     0.972    0.5702   0.02867   0.05728 0.0002521
   102/399     23.2G   0.03392   0.09435  0.002387    0.1307       210       640    0.9575    0.9415    0.9725    0.5752    0.0291   0.05709 0.0003503
   103/399     23.2G   0.03286   0.09379  0.002097    0.1288       179       640    0.9546    0.9137    0.9568    0.5306   0.03137   0.06181  0.001435
   104/399     23.2G   0.03408   0.09449  0.002295    0.1309       202       640     0.945    0.9328    0.9655    0.5517   0.03009   0.06149 0.0003527
   105/399     23.2G   0.03355   0.09544  0.002248    0.1312       152       640    0.9473    0.9445    0.9687    0.5539    0.0297   0.05903 0.0005387
   106/399     23.2G   0.03326   0.09311  0.001947    0.1283       166       640    0.9568    0.9482    0.9727    0.5724   0.02879   0.05716  0.000558
   107/399     23.2G   0.03404   0.09424  0.002258    0.1305       130       640    0.9447    0.9445    0.9677    0.5587   0.02969   0.05883 0.0005119
   108/399     23.2G   0.03369   0.09267  0.002241    0.1286       168       640    0.9535    0.9462    0.9717    0.5633    0.0294   0.05875 0.0003361
   109/399     23.2G    0.0337   0.09412  0.002177      0.13       193       640    0.9527    0.9467    0.9726    0.5713   0.02863   0.05709 0.0003322
   110/399     23.2G   0.03318   0.09421  0.002252    0.1296       135       640    0.9716    0.9339    0.9747    0.5699   0.02866   0.05756 0.0005001
   111/399     23.2G   0.03271   0.09262  0.002047    0.1274       179       640    0.9584    0.9509    0.9741    0.5832   0.02834   0.05687 0.0003328
   112/399     23.2G   0.03383   0.09427   0.00222    0.1303       188       640    0.9479     0.954    0.9755     0.571   0.02876   0.05744 0.0004491
   113/399     23.2G   0.03326   0.09413  0.002205    0.1296       188       640    0.9659    0.9507    0.9764    0.5836   0.02825   0.05593   0.00032
   114/399     23.2G   0.03284   0.09209  0.002032     0.127       188       640    0.9637    0.9489    0.9768    0.5861   0.02839   0.05661 0.0004366
   115/399     23.2G     0.033   0.09433  0.002148    0.1295       214       640    0.9641    0.9471    0.9773    0.5668   0.02915   0.05885 0.0002782
   116/399     23.2G   0.03312   0.09375  0.002087    0.1289       224       640    0.9573      0.96    0.9811    0.5828   0.02823   0.05693 0.0004562
   117/399     23.2G   0.03271   0.09393  0.002172    0.1288       180       640    0.9635    0.9549    0.9769    0.5885   0.02808   0.05562 0.0003827
   118/399     23.2G   0.03283   0.09139  0.001859    0.1261       183       640    0.9754    0.9512    0.9859    0.5715   0.02871   0.05625 0.0004516
   119/399     23.2G   0.03324   0.09133  0.002277    0.1268       157       640    0.9531     0.954    0.9761    0.5866   0.02796   0.05658 0.0004741
   120/399     23.2G   0.03224   0.09063  0.002164     0.125       152       640     0.959    0.9549    0.9798    0.5812   0.02827   0.05601 0.0004628
   121/399     23.2G   0.03264   0.09088   0.00191    0.1254       183       640    0.9582    0.9516    0.9737     0.572   0.02882   0.05722  0.000364
   122/399     23.2G   0.03254   0.09066  0.002009    0.1252       133       640    0.9559    0.9552    0.9765    0.5859   0.02798   0.05561  0.000311
   123/399     23.2G   0.03236   0.09201  0.002066    0.1264       201       640     0.966    0.9436    0.9785    0.5827   0.02802   0.05637 0.0002927
   124/399     23.2G    0.0322   0.09196  0.002099    0.1263       194       640    0.9585    0.9568     0.981    0.5928    0.0275   0.05587 0.0003421
   125/399     23.2G   0.03241   0.09124  0.002123    0.1258       178       640    0.9512    0.9456     0.973    0.5797   0.02834   0.05786 0.0003879
   126/399     23.2G   0.03285   0.09182  0.002082    0.1267       221       640    0.9661     0.948    0.9784    0.5874   0.02774   0.05622 0.0005937
   127/399     23.2G   0.03229   0.09017  0.002095    0.1246       182       640    0.9681    0.9351    0.9756    0.5922    0.0273   0.05734 0.0004686
   128/399     23.2G    0.0321   0.09147   0.00201    0.1256       205       640    0.9678    0.9527    0.9755     0.593   0.02734   0.05516 0.0002352
   129/399     23.2G   0.03221   0.09102  0.001959    0.1252       215       640     0.956    0.9593    0.9807    0.5923    0.0276   0.05604 0.0003774
   130/399     23.2G   0.03227   0.09104  0.001912    0.1252       163       640    0.9694    0.9597    0.9828    0.5942   0.02727   0.05545 0.0002687
   131/399     23.2G   0.03235   0.09152  0.001905    0.1258       175       640    0.9593    0.9642    0.9814    0.5928    0.0272   0.05542 0.0004249
   132/399     23.2G   0.03248   0.09243  0.002301    0.1272       180       640    0.9617    0.9501    0.9779     0.595   0.02733   0.05546 0.0005288
   133/399     23.2G   0.03174   0.09035  0.001892     0.124       184       640     0.964    0.9512    0.9783    0.5866   0.02804   0.05616 0.0005938
   134/399     23.2G   0.03207   0.08998  0.002056    0.1241       194       640    0.9694    0.9594    0.9807    0.6015   0.02701   0.05462 0.0004386
   135/399     23.2G   0.03187   0.09154  0.002184    0.1256       188       640    0.9717    0.9463      0.98     0.599   0.02718    0.0561 0.0004558
   136/399     23.2G   0.03115   0.08921  0.001919    0.1223       196       640    0.9704    0.9613    0.9864    0.5978   0.02691   0.05475 0.0003649
   137/399     23.2G   0.03205   0.08997  0.001978     0.124       184       640    0.9701    0.9595    0.9856    0.6053   0.02676   0.05352 0.0003479
   138/399     23.2G   0.03149   0.08962   0.00203    0.1231       165       640    0.9678    0.9596    0.9865    0.6026   0.02682   0.05543 0.0003317
   139/399     23.2G   0.03154   0.08858  0.001934    0.1221       173       640    0.9635    0.9667    0.9849    0.6037   0.02665   0.05398 0.0002278
   140/399     23.2G   0.03154   0.08979  0.002154    0.1235       161       640    0.9744    0.9618    0.9828    0.6045   0.02682   0.05433 0.0003228
   141/399     23.2G   0.03171   0.08792  0.001803    0.1214       185       640    0.9787    0.9446    0.9823    0.6035   0.02679   0.05427 0.0002069
   142/399     23.2G   0.03087   0.08991  0.001855    0.1226       198       640    0.9723    0.9515    0.9792     0.598   0.02736   0.05494 0.0002817
   143/399     23.2G   0.03168   0.08801  0.001869    0.1216       136       640    0.9711    0.9546    0.9815    0.6063   0.02643   0.05508   0.00029
   144/399     23.2G   0.03114   0.08828  0.001866    0.1213       177       640    0.9698    0.9621    0.9827    0.6114   0.02626   0.05444  0.000186
   145/399     23.2G   0.03082   0.08802  0.001933    0.1208       145       640     0.978    0.9551    0.9861    0.6109   0.02638   0.05383 0.0002041
   146/399     23.2G   0.03154   0.09025  0.002044    0.1238       194       640    0.9798    0.9548    0.9846     0.613   0.02627   0.05375 0.0002644
   147/399     23.2G    0.0315   0.08959   0.00199    0.1231       228       640    0.9708    0.9575     0.985    0.6168   0.02595   0.05365 0.0002052
   148/399     23.2G   0.03119   0.08968  0.002034    0.1229       177       640    0.9702    0.9647    0.9828    0.6077   0.02641    0.0542 0.0002838
   149/399     23.2G   0.03098   0.08935  0.001783    0.1221       197       640    0.9728    0.9601    0.9837    0.5979   0.02706   0.05538 0.0002127
   150/399     23.2G   0.03093   0.08829  0.001981    0.1212       193       640    0.9641    0.9645    0.9818    0.6158   0.02606   0.05391 0.0001967
   151/399     23.2G   0.03079   0.08706   0.00181    0.1197       167       640    0.9794    0.9422    0.9812    0.6155   0.02613     0.054 0.0002967
   152/399     23.2G   0.03056   0.08688  0.001741    0.1192       199       640    0.9736    0.9648    0.9873     0.616   0.02616   0.05322  0.000159
   153/399     23.2G   0.03081    0.0873  0.001924      0.12       184       640    0.9699    0.9535    0.9778    0.5921   0.02765    0.0569 0.0002357
   154/399     23.2G   0.03056   0.08734  0.001946    0.1198       207       640    0.9791    0.9549    0.9835    0.6131   0.02612   0.05436 0.0002022
   155/399     23.2G   0.03042   0.08811  0.001823    0.1204       196       640     0.977    0.9579     0.985    0.6188   0.02599   0.05279 0.0001603
   156/399     23.2G   0.03046   0.08746  0.001813    0.1197       158       640    0.9625    0.9613    0.9813    0.6059   0.02664   0.05432 0.0001948
   157/399     23.2G   0.03093   0.09013  0.001952     0.123       220       640    0.9673    0.9661    0.9822    0.6213    0.0257   0.05328 0.0002384
   158/399     23.2G   0.03016   0.08576  0.001835    0.1178       192       640    0.9746    0.9568    0.9813    0.6246   0.02565   0.05273 0.0002236
   159/399     23.2G   0.02997   0.08723  0.001841     0.119       188       640    0.9774    0.9573    0.9819    0.6194   0.02578   0.05371 0.0004056
   160/399     23.2G   0.03049   0.08778  0.001748      0.12       161       640    0.9817    0.9609    0.9873    0.6124   0.02636   0.05369 0.0002054
   161/399     23.2G   0.03051   0.08845   0.00178    0.1207       204       640    0.9726    0.9664     0.985    0.6228   0.02573   0.05323 0.0002353
   162/399     23.2G   0.03001   0.08559  0.001822    0.1174       165       640    0.9716    0.9625    0.9852    0.6273   0.02543   0.05222  0.000237
   163/399     23.2G   0.03013   0.08837  0.001875    0.1204       165       640     0.972    0.9614    0.9881    0.6287   0.02535   0.05264 0.0001462
   164/399     23.2G   0.02981   0.08607  0.001776    0.1177       200       640    0.9667    0.9715     0.984    0.6233   0.02535   0.05282 0.0001854
   165/399     23.2G   0.03049   0.08665  0.001921    0.1191       150       640    0.9802    0.9572    0.9862    0.6302   0.02505   0.05258 0.0001379
   166/399     23.2G    0.0304   0.08593  0.001877    0.1182       160       640    0.9717    0.9639     0.985    0.6285    0.0253   0.05187 0.0002512
   167/399     23.2G   0.03033   0.08814  0.002002    0.1205       182       640    0.9701    0.9645    0.9848    0.6192   0.02577   0.05328 0.0002388
   168/399     23.2G    0.0294   0.08487   0.00163    0.1159       214       640    0.9749    0.9631    0.9864    0.6273   0.02548   0.05246 0.0003226
   169/399     23.2G   0.02995   0.08565  0.001728    0.1173       160       640    0.9722    0.9534    0.9822    0.6321   0.02509   0.05281  0.000274
   170/399     23.2G      0.03   0.08831  0.002099    0.1204       171       640    0.9706     0.961    0.9843    0.6305   0.02506   0.05308 0.0001986
   171/399     23.2G   0.02996   0.08565  0.001715    0.1173       183       640    0.9807    0.9576     0.988    0.6255   0.02535   0.05258 0.0001669
   172/399     23.2G   0.02999   0.08682  0.001813    0.1186       147       640    0.9741    0.9627    0.9866    0.6291   0.02511   0.05277 0.0001639
   173/399     23.2G   0.02947   0.08598  0.001643    0.1171       159       640    0.9675     0.964    0.9827    0.6287   0.02538    0.0526 0.0002041
   174/399     23.2G   0.02891   0.08373  0.001667    0.1143       152       640    0.9753     0.956    0.9846    0.6363   0.02482   0.05201 0.0001619
   175/399     23.2G   0.02967    0.0861  0.001831    0.1176       147       640    0.9673    0.9778    0.9864    0.6298   0.02524   0.05216 0.0001611
   176/399     23.2G   0.02971   0.08613  0.001578    0.1174       167       640    0.9698    0.9736    0.9892    0.6352   0.02498   0.05206 0.0001822
   177/399     23.2G   0.02907   0.08396  0.001694    0.1147       160       640     0.977    0.9671    0.9872    0.6397   0.02474   0.05148 0.0001581
   178/399     23.2G   0.02953   0.08622   0.00185    0.1176       184       640     0.968    0.9723     0.985    0.6368   0.02493   0.05201 0.0002528
   179/399     23.2G   0.02923   0.08567  0.001845    0.1167       220       640    0.9594    0.9773    0.9874    0.6377   0.02478   0.05206 0.0001658
   180/399     23.2G   0.02949   0.08516  0.001877    0.1165       167       640     0.971    0.9747    0.9881    0.6367    0.0252    0.0522 0.0001727
   181/399     23.2G   0.02917     0.083  0.001724    0.1139       162       640    0.9811    0.9669    0.9876    0.6388   0.02493   0.05177 0.0001773
   182/399     23.2G   0.02909   0.08494  0.001761    0.1158       134       640     0.971    0.9703    0.9886    0.6327    0.0251   0.05263 0.0001573
   183/399     23.2G   0.02899   0.08498  0.001713    0.1157       164       640    0.9639    0.9744    0.9909    0.6336   0.02477   0.05242 0.0001684
   184/399     23.2G   0.02954   0.08489    0.0017    0.1161       211       640    0.9653    0.9711    0.9864    0.6403   0.02449   0.05169 0.0001303
   185/399     23.2G   0.02876   0.08348  0.001598    0.1138       186       640    0.9692    0.9742    0.9868    0.6429   0.02444   0.05137 0.0001843
   186/399     23.2G   0.02904   0.08659  0.001874    0.1175       206       640    0.9684    0.9783    0.9887     0.638   0.02469   0.05169 0.0001658
   187/399     23.2G   0.02894   0.08503  0.001802    0.1158       202       640    0.9704    0.9729    0.9867    0.6399   0.02455    0.0518 0.0001674
   188/399     23.2G   0.02918   0.08337  0.001829    0.1144       184       640    0.9789    0.9696    0.9889    0.6442   0.02431   0.05148 0.0001642
   189/399     23.2G   0.02868   0.08372  0.001629     0.114       198       640     0.969    0.9772    0.9866    0.6484   0.02424   0.05085 0.0001216
   190/399     23.2G   0.02877   0.08425  0.001722    0.1147       157       640    0.9652    0.9751    0.9872     0.643   0.02442   0.05173 0.0001483
   191/399     23.2G   0.02855   0.08414   0.00171    0.1144       220       640    0.9742    0.9727    0.9881    0.6347   0.02499   0.05165 0.0001567
   192/399     23.2G   0.02846   0.08404  0.001758    0.1143       222       640     0.972    0.9763    0.9904      0.64   0.02465   0.05131 0.0001387
   193/399     23.2G   0.02814   0.08197  0.001448    0.1116       178       640    0.9765    0.9773     0.989    0.6534   0.02386   0.05022  0.000308
   194/399     23.2G   0.02829   0.08169  0.001536    0.1115       226       640    0.9837    0.9659    0.9897    0.6476   0.02404   0.05045 0.0001994
   195/399     23.2G   0.02839   0.08319  0.001646    0.1132       188       640    0.9829    0.9665    0.9891    0.6471   0.02416   0.05108 0.0002075
   196/399     23.2G   0.02832   0.08298  0.001709     0.113       204       640    0.9726    0.9831    0.9902    0.6469   0.02414   0.05014 0.0001509
   197/399     23.2G    0.0281   0.08151  0.001504    0.1111       132       640    0.9808    0.9696    0.9896    0.6484   0.02409   0.04982 0.0001582
   198/399     23.2G   0.02856   0.08256  0.001792    0.1129       167       640    0.9689    0.9755    0.9886    0.6483   0.02399   0.04975 0.0001368
   199/399     23.2G   0.02815   0.08312  0.001632    0.1129       179       640    0.9735    0.9744    0.9887     0.644   0.02439   0.05033 0.0001412
   200/399     23.2G    0.0281   0.08298  0.001692    0.1128       183       640    0.9714    0.9703    0.9882    0.6501   0.02409   0.05017 0.0001376
   201/399     23.2G   0.02748   0.08128  0.001491    0.1102       176       640    0.9734    0.9727    0.9884    0.6506   0.02416   0.05041 0.0001627
   202/399     23.2G   0.02763   0.08013  0.001405    0.1092       145       640    0.9718    0.9762    0.9897    0.6484   0.02407   0.05063 0.0001585
   203/399     23.2G    0.0278   0.08063  0.001501    0.1099       164       640    0.9684    0.9757    0.9898    0.6511   0.02403   0.05059 0.0001465
   204/399     23.2G   0.02815   0.08238   0.00157    0.1121       179       640    0.9762    0.9693    0.9881    0.6461   0.02432   0.05091 0.0001144
   205/399     23.2G   0.02793   0.08121  0.001704    0.1108       184       640     0.978    0.9741    0.9903     0.652   0.02405   0.05035 0.0001316
   206/399     23.2G   0.02755   0.07915  0.001568    0.1083       168       640    0.9732    0.9774     0.989    0.6524   0.02386   0.05008  0.000125
   207/399     23.2G   0.02787   0.08208  0.001586    0.1115       184       640     0.978    0.9722    0.9891    0.6572   0.02376   0.05002 0.0001363
   208/399     23.2G   0.02721   0.08083  0.001547    0.1096       138       640     0.973    0.9796    0.9894    0.6574   0.02364   0.04965 0.0001191
   209/399     23.2G   0.02779   0.08245  0.001583    0.1118       218       640    0.9788    0.9748    0.9899    0.6556   0.02373   0.04975 0.0001223
   210/399     23.2G    0.0274   0.08046  0.001521    0.1094       180       640    0.9765     0.976     0.989    0.6583   0.02373   0.05011 0.0001467
   211/399     23.2G   0.02755   0.08218   0.00153    0.1113       180       640    0.9727    0.9812    0.9904    0.6616   0.02345   0.04949 0.0001792
   212/399     23.2G   0.02744   0.07948  0.001457    0.1084       165       640    0.9729    0.9768    0.9875    0.6596    0.0235   0.04967 0.0001434
   213/399     23.2G   0.02739     0.081  0.001499    0.1099       185       640    0.9714    0.9786    0.9904    0.6605   0.02352   0.04956 0.0001535
   214/399     23.2G   0.02702   0.07892  0.001467    0.1074       152       640    0.9774    0.9696    0.9881    0.6628   0.02328   0.04914 0.0001443
   215/399     23.2G   0.02738   0.08078  0.001611    0.1098       184       640    0.9723    0.9738    0.9888    0.6649   0.02313   0.04898 0.0001382
   216/399     23.2G    0.0269   0.07953  0.001507    0.1079       226       640    0.9723    0.9749    0.9884     0.657   0.02349   0.04987 0.0001473
   217/399     23.2G   0.02717   0.07985   0.00156    0.1086       178       640    0.9718    0.9771    0.9895    0.6598   0.02331   0.04917 0.0001562
   218/399     23.2G   0.02682   0.07901  0.001418    0.1073       193       640    0.9714     0.973    0.9871    0.6545   0.02353   0.04959 0.0001573
   219/399     23.2G     0.027   0.07954  0.001484     0.108       151       640    0.9757     0.972    0.9883    0.6597   0.02341   0.04953 0.0001347
   220/399     23.2G   0.02686   0.07889  0.001393    0.1071       186       640    0.9767    0.9725    0.9878    0.6639   0.02323   0.04899 0.0001536
   221/399     23.2G   0.02678   0.07762  0.001427    0.1058       137       640    0.9771    0.9715     0.988    0.6592   0.02347   0.04977 0.0001577
   222/399     23.2G   0.02697   0.07976  0.001587    0.1083       145       640     0.975    0.9766    0.9904    0.6619   0.02326   0.04932 0.0001511
   223/399     23.2G   0.02647   0.07942  0.001485    0.1074       186       640     0.977    0.9746    0.9902    0.6592   0.02348   0.04948  0.000149
   224/399     23.2G   0.02686   0.07932  0.001583    0.1078       195       640    0.9803    0.9739    0.9912    0.6629   0.02327   0.04894 0.0001538
   225/399     23.2G   0.02724   0.08236  0.001704    0.1113       185       640    0.9757     0.979    0.9909    0.6623   0.02318   0.04923 0.0001583
   226/399     23.2G   0.02692   0.08039  0.001513    0.1088       181       640    0.9729    0.9811    0.9907    0.6604    0.0233   0.04931 0.0001548
   227/399     23.2G    0.0269   0.08016  0.001549    0.1086       166       640    0.9736    0.9849    0.9921    0.6638   0.02313   0.04894  0.000137
   228/399     23.2G   0.02662   0.07909  0.001481    0.1072       139       640    0.9696    0.9818    0.9908    0.6671   0.02304   0.04871 0.0001478
   229/399     23.2G    0.0262   0.07867  0.001463    0.1063       161       640    0.9726    0.9766     0.991    0.6689   0.02273    0.0484 0.0001312
   230/399     23.2G   0.02638   0.07828  0.001376     0.106       186       640    0.9775    0.9717    0.9905    0.6721   0.02262   0.04842 0.0001355
   231/399     23.2G   0.02656   0.07685  0.001474    0.1049       181       640    0.9794    0.9717    0.9901    0.6678   0.02283   0.04865 0.0001139
   232/399     23.2G   0.02627   0.07743  0.001393    0.1051       202       640    0.9797    0.9692     0.988    0.6652   0.02304    0.0491 0.0001297
   233/399     23.2G   0.02648   0.07776  0.001541    0.1058       143       640    0.9753    0.9758    0.9901    0.6684   0.02273   0.04861 0.0001666
   234/399     23.2G   0.02639   0.07843  0.001469    0.1063       193       640    0.9725    0.9779    0.9894    0.6633    0.0232   0.04933 0.0001322
   235/399     23.2G   0.02647   0.07917  0.001503    0.1071       188       640    0.9757    0.9709    0.9888    0.6644    0.0231   0.04908 0.0001181
   236/399     23.2G   0.02626   0.07824  0.001498     0.106       172       640    0.9785    0.9687    0.9909    0.6662     0.023   0.04899 0.0001039
   237/399     23.2G   0.02591   0.07623  0.001456    0.1036       170       640    0.9761    0.9719    0.9896    0.6636     0.023   0.04928 0.0001118
   238/399     23.2G   0.02653   0.07754   0.00162    0.1057       151       640    0.9767    0.9737    0.9894    0.6689   0.02282   0.04893 9.179e-05
   239/399     23.2G   0.02606   0.07647  0.001536    0.1041       184       640    0.9696    0.9767    0.9895    0.6689   0.02278   0.04851 0.0001161
   240/399     23.2G   0.02639   0.08003  0.001703    0.1081       162       640    0.9754    0.9731    0.9904    0.6731    0.0227   0.04853 0.0001022
   241/399     23.2G   0.02611   0.07736   0.00153     0.105       158       640    0.9766    0.9755    0.9902     0.673   0.02264   0.04848 9.734e-05
   242/399     23.2G    0.0261    0.0758  0.001506    0.1034       206       640    0.9834    0.9669    0.9912    0.6733   0.02265   0.04872 9.797e-05
   243/399     23.2G   0.02613   0.07771  0.001564    0.1054       200       640    0.9828    0.9657    0.9905    0.6751   0.02262   0.04848 9.895e-05
   244/399     23.2G   0.02594   0.07775  0.001554    0.1052       180       640    0.9744    0.9743    0.9903    0.6714   0.02274   0.04885 0.0001024
   245/399     23.2G   0.02586   0.07766  0.001474     0.105       184       640      0.97    0.9798    0.9906    0.6765   0.02252   0.04846 0.0001022
   246/399     23.2G   0.02564   0.07633  0.001408    0.1034       198       640    0.9843    0.9683    0.9905    0.6761    0.0225   0.04862 0.0001085
   247/399     23.2G   0.02574   0.07792  0.001516    0.1052       232       640    0.9753    0.9789    0.9928    0.6754    0.0225   0.04856 0.0001067
   248/399     23.2G   0.02591   0.07726  0.001496    0.1047       166       640    0.9825    0.9714     0.993    0.6778   0.02226   0.04812 0.0001107
   249/399     23.2G   0.02562   0.07589  0.001434    0.1029       162       640     0.974    0.9778    0.9914    0.6816   0.02208   0.04794 0.0001235
   250/399     23.2G   0.02534   0.07457   0.00122    0.1011       192       640    0.9751    0.9781    0.9916    0.6824   0.02202   0.04797  0.000121
   251/399     23.2G   0.02546    0.0765  0.001448    0.1034       202       640    0.9784    0.9735     0.989    0.6789    0.0222   0.04806 0.0001171
   252/399     23.2G   0.02558   0.07724  0.001394    0.1042       151       640    0.9762    0.9789    0.9873    0.6796   0.02212   0.04802 0.0001091
   253/399     23.2G   0.02545   0.07552  0.001487    0.1025       169       640     0.977    0.9806    0.9914    0.6819   0.02201   0.04795 0.0001069
   254/399     23.2G   0.02501   0.07392  0.001308    0.1002       139       640    0.9755    0.9794    0.9924    0.6793   0.02215   0.04807 0.0001131
   255/399     23.2G    0.0255   0.07729  0.001491    0.1043       222       640    0.9713    0.9807    0.9901    0.6797   0.02224   0.04818 0.0001058
   256/399     23.2G   0.02537   0.07635   0.00155    0.1033       218       640    0.9715    0.9828    0.9904    0.6832   0.02214   0.04801  0.000106
   257/399     23.2G   0.02525   0.07434  0.001356    0.1009       196       640    0.9768    0.9794    0.9901    0.6833   0.02213   0.04781 0.0001066
   258/399     23.2G   0.02504   0.07523  0.001385    0.1017       170       640    0.9741    0.9797    0.9917    0.6812   0.02228   0.04796 0.0001018
   259/399     23.2G   0.02524   0.07628  0.001247    0.1028       152       640     0.976     0.978    0.9914    0.6805    0.0222   0.04791 0.0001055
   260/399     23.2G   0.02506   0.07578  0.001364    0.1022       196       640     0.975    0.9807    0.9914    0.6799   0.02227   0.04798 0.0001245
   261/399     23.2G   0.02455   0.07387  0.001253   0.09968       170       640    0.9723    0.9804    0.9911    0.6834   0.02212   0.04791 0.0001257
   262/399     23.2G   0.02499   0.07451  0.001422    0.1009       167       640    0.9798    0.9739    0.9911     0.685   0.02204   0.04787 0.0001261
   263/399     23.2G   0.02474   0.07418  0.001358    0.1003       171       640    0.9753     0.978    0.9907    0.6867   0.02194    0.0477 0.0001271
   264/399     23.2G   0.02476   0.07509  0.001299    0.1011       187       640    0.9714     0.979    0.9909    0.6831   0.02209   0.04808 0.0001224
   265/399     23.2G   0.02531   0.07619  0.001485     0.103       189       640    0.9801    0.9703     0.991      0.68   0.02223   0.04827 0.0001202
   266/399     23.2G   0.02475   0.07558  0.001418    0.1017       156       640    0.9698     0.982    0.9897    0.6843   0.02205   0.04786 0.0001163
   267/399     23.2G   0.02442   0.07347  0.001225   0.09912       170       640    0.9722    0.9785    0.9909    0.6843    0.0221    0.0477 0.0001203
   268/399     23.2G   0.02497   0.07521  0.001454    0.1016       202       640    0.9712     0.979    0.9894    0.6824   0.02199   0.04766 0.0001178
   269/399     23.2G   0.02435   0.07374  0.001306    0.0994       186       640    0.9751    0.9777    0.9907    0.6859   0.02181    0.0475 0.0001162
   270/399     23.2G   0.02448   0.07387  0.001281   0.09964       168       640     0.978    0.9754    0.9913    0.6885   0.02171   0.04734 0.0001116
   271/399     23.2G   0.02447    0.0738  0.001321   0.09959       172       640     0.978    0.9747    0.9904    0.6896   0.02167   0.04736 0.0001083
   272/399     23.2G   0.02479   0.07485  0.001321     0.101       195       640      0.98     0.974    0.9899    0.6891   0.02168   0.04757 0.0001113
   273/399     23.2G   0.02416   0.07433  0.001177   0.09967       192       640    0.9805    0.9779    0.9918    0.6917   0.02156   0.04738 0.0001086
   274/399     23.2G   0.02441   0.07369   0.00131   0.09941       161       640    0.9731    0.9819    0.9896    0.6898   0.02172   0.04764 0.0001162
   275/399     23.2G    0.0245   0.07388  0.001286   0.09966       207       640    0.9729    0.9819    0.9911    0.6883   0.02182   0.04798 0.0001088
   276/399     23.2G   0.02419   0.07373  0.001289   0.09921       182       640    0.9746    0.9797     0.991    0.6866   0.02182   0.04772 0.0001025
   277/399     23.2G   0.02401   0.07144  0.001294   0.09675       147       640    0.9742     0.981     0.992    0.6915   0.02166   0.04734 0.0001083
   278/399     23.2G   0.02433   0.07348  0.001447   0.09925       152       640    0.9743    0.9796     0.992    0.6922   0.02164   0.04731 0.0001117
   279/399     23.2G     0.024   0.07362  0.001255   0.09888       146       640     0.972    0.9833    0.9919    0.6901   0.02169   0.04752 0.0001138
   280/399     23.2G    0.0244   0.07388   0.00137   0.09965       231       640    0.9759    0.9768    0.9904    0.6898    0.0217    0.0477 0.0001177
   281/399     23.2G   0.02416   0.07261  0.001282   0.09805       191       640    0.9744    0.9807    0.9924    0.6928   0.02153   0.04741 0.0001128
   282/399     23.2G   0.02419   0.07323  0.001335   0.09875       171       640    0.9734    0.9789    0.9917    0.6937   0.02145   0.04723 0.0001074
   283/399     23.2G   0.02377   0.07198  0.001221   0.09697       185       640    0.9745    0.9798    0.9917     0.692   0.02151   0.04728 0.0001096
   284/399     23.2G   0.02403   0.07258   0.00134   0.09795       169       640    0.9754    0.9802    0.9919    0.6969   0.02136   0.04705 0.0001058
   285/399     23.2G   0.02387   0.07335  0.001302   0.09852       193       640    0.9734    0.9796    0.9918    0.6923   0.02153   0.04733 0.0001049
   286/399     23.2G   0.02403   0.07292  0.001328   0.09828       165       640    0.9751    0.9776    0.9916    0.6906   0.02153   0.04725 0.0001038
   287/399     23.2G   0.02417   0.07352  0.001455   0.09914       155       640    0.9808    0.9748    0.9934    0.6931   0.02159   0.04724 0.0001091
   288/399     23.2G   0.02402   0.07374  0.001165   0.09893       179       640    0.9761    0.9787    0.9926    0.6892    0.0217   0.04739 0.0001149
   289/399     23.2G   0.02401   0.07272  0.001291   0.09802       188       640    0.9754    0.9771    0.9911    0.6894   0.02169   0.04744 0.0001117
   290/399     23.2G    0.0239    0.0729  0.001372   0.09818       208       640     0.979    0.9737    0.9906      0.69   0.02159   0.04748 0.0001066
   291/399     23.2G   0.02369   0.07191  0.001351   0.09694       164       640     0.981    0.9763    0.9917     0.689   0.02171   0.04752 0.0001083
   292/399     23.2G   0.02376   0.07147  0.001301   0.09654       168       640    0.9801    0.9745    0.9921    0.6906   0.02164   0.04743  0.000105
   293/399     23.2G    0.0237   0.07223  0.001351   0.09728       162       640    0.9767    0.9806    0.9933    0.6969   0.02139   0.04691 0.0001077
   294/399     23.2G   0.02374   0.07329  0.001352   0.09839       177       640    0.9751    0.9821    0.9924    0.6963   0.02133   0.04681 0.0001028
   295/399     23.2G   0.02324   0.07064   0.00113   0.09501       152       640    0.9832     0.972    0.9918    0.6973   0.02142   0.04694 0.0001024
   296/399     23.2G   0.02334    0.0699  0.001211   0.09445       157       640    0.9754    0.9802    0.9914    0.6976   0.02125   0.04667 0.0001027
   297/399     23.2G   0.02321   0.07114  0.001341   0.09569       234       640    0.9799    0.9758    0.9924    0.6973   0.02124   0.04672  0.000106
   298/399     23.2G   0.02345   0.07072   0.00127   0.09544       155       640    0.9726    0.9818    0.9917    0.6961   0.02133   0.04686 0.0001085
   299/399     23.2G   0.02306   0.07031  0.001179   0.09455       179       640    0.9769    0.9812    0.9914    0.6924   0.02142   0.04694 0.0001059
   300/399     23.2G   0.02332   0.07103  0.001285   0.09563       189       640    0.9726    0.9824    0.9917    0.6951   0.02132    0.0467 0.0001066
   301/399     23.2G   0.02327   0.07018  0.001157   0.09461       150       640    0.9724    0.9839    0.9918    0.6963   0.02128   0.04672 9.661e-05
   302/399     23.2G    0.0236   0.07143  0.001379   0.09641       181       640    0.9811    0.9756    0.9925    0.6942   0.02134   0.04689  9.21e-05
   303/399     23.2G   0.02349   0.07285  0.001328   0.09768       178       640    0.9797    0.9764    0.9917    0.6918   0.02144   0.04699 9.409e-05
   304/399     23.2G   0.02326   0.07033  0.001256   0.09484       186       640    0.9839    0.9719    0.9924    0.6931   0.02143   0.04703 9.372e-05
   305/399     23.2G   0.02329   0.07107  0.001293   0.09565       191       640     0.976    0.9798    0.9919    0.6927   0.02139   0.04694 9.421e-05
   306/399     23.2G    0.0231   0.07031  0.001207   0.09462       161       640    0.9786    0.9778    0.9908    0.6925    0.0213   0.04667  9.72e-05
   307/399     23.2G     0.023   0.07061  0.001168   0.09478       215       640    0.9792    0.9791    0.9919    0.6956   0.02121   0.04653 9.547e-05
   308/399     23.2G   0.02327   0.07159  0.001321   0.09618       162       640    0.9828    0.9735    0.9916    0.6944   0.02126   0.04658 9.284e-05
   309/399     23.2G   0.02283    0.0694   0.00119   0.09341       192       640    0.9837    0.9746    0.9912    0.6957    0.0212   0.04655 9.184e-05
   310/399     23.2G   0.02281   0.06902  0.001185   0.09302       145       640     0.978    0.9792     0.992    0.6977   0.02122   0.04663 9.402e-05
   311/399     23.2G   0.02277   0.07069  0.001247   0.09471       167       640    0.9827    0.9737    0.9913    0.6972   0.02114   0.04653  9.72e-05
   312/399     23.2G   0.02295   0.06928  0.001277    0.0935       131       640    0.9825    0.9752    0.9913    0.6967   0.02112   0.04662 9.806e-05
   313/399     23.2G    0.0231   0.07074  0.001339   0.09517       192       640    0.9798    0.9799    0.9918    0.6978   0.02111    0.0465 0.0001016
   314/399     23.2G   0.02256   0.06885  0.001156   0.09257       202       640    0.9815      0.98    0.9924    0.6985   0.02108   0.04645 0.0001019
   315/399     23.2G   0.02268   0.06976  0.001318   0.09376       152       640    0.9787     0.982    0.9912    0.7001     0.021   0.04635 0.0001006
   316/399     23.2G   0.02271   0.06924  0.001291   0.09324       184       640    0.9857    0.9725     0.991    0.7007   0.02105   0.04639 0.0001013
   317/399     23.2G   0.02273   0.07019  0.001176    0.0941       170       640    0.9821    0.9776    0.9924    0.7025   0.02104   0.04647 9.863e-05
   318/399     23.2G   0.02258   0.06899  0.001214   0.09278       181       640    0.9837    0.9761    0.9921    0.7043   0.02094   0.04634 9.736e-05
   319/399     23.2G   0.02253   0.06831  0.001168   0.09201       158       640    0.9848    0.9751    0.9918    0.7031   0.02101   0.04643 9.669e-05
   320/399     23.2G   0.02247   0.06847  0.001172    0.0921       184       640    0.9789    0.9797    0.9913    0.7014   0.02104   0.04647 9.693e-05
   321/399     23.2G   0.02237   0.06925  0.001213   0.09282       188       640    0.9864    0.9735    0.9913    0.7006   0.02104   0.04638 9.696e-05
   322/399     23.2G   0.02244   0.06896  0.001113   0.09251       167       640    0.9861    0.9744    0.9913    0.6988   0.02114   0.04648 9.582e-05
   323/399     23.2G   0.02271   0.06973  0.001299   0.09374       179       640    0.9855    0.9741    0.9914    0.7005   0.02108    0.0464 9.437e-05
   324/399     23.2G   0.02198   0.06723  0.001044   0.09026       168       640    0.9874     0.974    0.9914    0.7002   0.02103   0.04627 9.512e-05
   325/399     23.2G   0.02253   0.07015  0.001273   0.09396       189       640    0.9869    0.9736    0.9911    0.7022   0.02103   0.04625 9.535e-05
   326/399     23.2G   0.02234   0.06833  0.001283   0.09195       206       640    0.9858    0.9735    0.9915    0.7043   0.02101   0.04618 9.422e-05
   327/399     23.2G    0.0219   0.06644  0.001073   0.08942       190       640    0.9858    0.9736    0.9915    0.7043     0.021   0.04609 9.412e-05
   328/399     23.2G   0.02215   0.06868  0.001138   0.09197       183       640    0.9765    0.9822    0.9915    0.7024   0.02104   0.04617 9.377e-05
   329/399     23.2G   0.02212   0.06847  0.001175   0.09177       147       640    0.9741    0.9836    0.9896    0.7037   0.02103   0.04613 9.553e-05
   330/399     23.2G   0.02209   0.06784  0.001144   0.09108       156       640    0.9873    0.9705    0.9895    0.7043   0.02098   0.04607 9.552e-05
   331/399     23.2G   0.02218   0.06777  0.001206   0.09116       202       640    0.9843    0.9728    0.9896    0.7054   0.02088   0.04595 9.402e-05
   332/399     23.2G   0.02217   0.06867  0.001246   0.09208       221       640    0.9867    0.9705    0.9895    0.7051   0.02087   0.04598 9.298e-05
   333/399     23.2G   0.02248    0.0687  0.001251   0.09243       216       640    0.9804    0.9767    0.9895    0.7058   0.02089   0.04604 9.245e-05
   334/399     23.2G   0.02231   0.06879  0.001226   0.09233       158       640    0.9859    0.9718    0.9896    0.7062   0.02085   0.04601  9.25e-05
   335/399     23.2G   0.02182   0.06607  0.001114     0.089       169       640    0.9768    0.9814    0.9899    0.7075   0.02076   0.04587 9.226e-05
   336/399     23.2G   0.02197   0.06625  0.001177    0.0894       153       640    0.9785    0.9796    0.9898    0.7072   0.02077   0.04597  9.13e-05
   337/399     23.2G   0.02167    0.0662   0.00114   0.08901       190       640    0.9818    0.9755    0.9899    0.7065   0.02079   0.04601 9.116e-05
   338/399     23.2G   0.02191   0.06679  0.001093   0.08979       151       640    0.9844    0.9734    0.9899    0.7061   0.02077   0.04604 9.202e-05
   339/399     23.2G   0.02187   0.06738  0.001162   0.09042       179       640    0.9813    0.9765      0.99    0.7067   0.02079   0.04609 9.255e-05
   340/399     23.2G   0.02218   0.06871  0.001232   0.09212       201       640    0.9819    0.9763    0.9898    0.7076    0.0208   0.04608 9.263e-05
   341/399     23.2G    0.0221   0.06738  0.001321    0.0908       185       640    0.9807    0.9778    0.9898    0.7058   0.02084   0.04617 9.371e-05
   342/399     23.2G   0.02176    0.0675  0.001143    0.0904       171       640    0.9779    0.9804    0.9899    0.7066   0.02078   0.04614 9.376e-05
   343/399     23.2G   0.02165    0.0669  0.001077   0.08962       156       640    0.9818    0.9762    0.9898    0.7064   0.02079   0.04617 9.554e-05
   344/399     23.2G   0.02189    0.0676  0.001132   0.09062       190       640    0.9828    0.9749      0.99    0.7057   0.02077   0.04612 9.603e-05
   345/399     23.2G   0.02208   0.06865  0.001211   0.09194       151       640    0.9766    0.9806    0.9898    0.7058   0.02077   0.04613 9.616e-05
   346/399     23.2G   0.02145   0.06625  0.001135   0.08883       167       640    0.9768    0.9806    0.9898    0.7062   0.02075   0.04615 9.563e-05
   347/399     23.2G   0.02158   0.06551  0.001097   0.08818       166       640    0.9807    0.9762    0.9913    0.7061   0.02073   0.04606 9.681e-05
   348/399     23.2G   0.02151   0.06509 0.0009974    0.0876       197       640    0.9796     0.977    0.9896     0.706   0.02072   0.04608 9.842e-05
   349/399     23.2G   0.02155   0.06636  0.001106   0.08901       153       640    0.9788    0.9798     0.991    0.7055   0.02069   0.04609 9.808e-05
   350/399     23.2G   0.02156    0.0662  0.001135    0.0889       204       640    0.9808    0.9781    0.9906    0.7049   0.02072   0.04618 9.888e-05
   351/399     23.2G   0.02161   0.06574  0.001163   0.08851       150       640    0.9789    0.9801    0.9914    0.7053   0.02075   0.04621 9.905e-05
   352/399     23.2G    0.0213   0.06628  0.001165   0.08874       157       640    0.9762    0.9824    0.9905    0.7051   0.02075   0.04622 9.913e-05
   353/399     23.2G   0.02156   0.06756  0.001167   0.09029       191       640    0.9762    0.9824    0.9914    0.7062   0.02073   0.04617 9.926e-05
   354/399     23.2G   0.02161   0.06684  0.001038   0.08948       172       640    0.9769    0.9822    0.9916    0.7057   0.02076   0.04623 9.928e-05
   355/399     23.2G   0.02161   0.06814  0.001234   0.09099       204       640     0.986    0.9729    0.9914    0.7054   0.02074   0.04613 9.934e-05
   356/399     23.2G   0.02123   0.06466 0.0009936   0.08688       143       640    0.9862    0.9734    0.9906    0.7058   0.02073   0.04612 9.958e-05
   357/399     23.2G   0.02181   0.06905  0.001305   0.09216       198       640    0.9872    0.9717    0.9905    0.7059   0.02075   0.04617 9.968e-05
   358/399     23.2G   0.02148   0.06632  0.001209   0.08901       174       640     0.986    0.9747    0.9905     0.705   0.02075   0.04618 9.969e-05
   359/399     23.2G   0.02121   0.06618  0.001034   0.08842       164       640    0.9857    0.9732    0.9893    0.7055   0.02074   0.04615 9.966e-05
   360/399     23.2G   0.02131   0.06581  0.001172   0.08829       166       640    0.9858    0.9732    0.9893    0.7052   0.02074   0.04614 9.938e-05
   361/399     23.2G   0.02149   0.06709  0.001167   0.08975       149       640    0.9856    0.9732    0.9893    0.7054   0.02073   0.04615 9.972e-05
   362/399     23.2G   0.02125   0.06528  0.001061   0.08759       185       640    0.9855    0.9732    0.9893    0.7063   0.02073   0.04614 9.941e-05
   363/399     23.2G    0.0214   0.06584  0.001157   0.08839       154       640    0.9855    0.9732    0.9893     0.706   0.02071   0.04612 9.939e-05
   364/399     23.2G   0.02125   0.06647  0.001153   0.08888       152       640    0.9854    0.9731    0.9897     0.707   0.02073   0.04613 9.896e-05
   365/399     23.2G    0.0215   0.06638  0.001175   0.08906       210       640    0.9835    0.9751     0.991    0.7073   0.02072   0.04613 9.881e-05
   366/399     23.2G   0.02113   0.06597  0.001082   0.08819       113       640    0.9856    0.9732    0.9897    0.7064   0.02074   0.04616  9.87e-05
   367/399     23.2G   0.02131   0.06628  0.001086   0.08868       196       640    0.9833    0.9759    0.9897    0.7071   0.02073   0.04614 9.834e-05
   368/399     23.2G   0.02123   0.06578  0.001165   0.08818       193       640    0.9822    0.9756    0.9893     0.707   0.02072    0.0461 9.783e-05
   369/399     23.2G   0.02084   0.06583 0.0009686   0.08764       155       640    0.9833    0.9749    0.9896    0.7077   0.02069   0.04605 9.756e-05
   370/399     23.2G   0.02126   0.06655  0.001149   0.08896       136       640    0.9838    0.9744    0.9893    0.7068   0.02069   0.04606 9.714e-05
   371/399     23.2G   0.02109   0.06482  0.001073   0.08698       183       640    0.9846    0.9742    0.9893    0.7074    0.0207   0.04607 9.729e-05
   372/399     23.2G   0.02142   0.06664   0.00116   0.08922       175       640    0.9838    0.9742    0.9892    0.7068   0.02071    0.0461 9.689e-05
   373/399     23.2G   0.02112   0.06513  0.001052    0.0873       192       640    0.9844    0.9741    0.9889     0.707    0.0207   0.04612 9.707e-05
   374/399     23.2G   0.02115    0.0657  0.001104   0.08795       166       640    0.9844    0.9742    0.9893    0.7066   0.02071   0.04615  9.65e-05
   375/399     23.2G    0.0211   0.06632  0.001157   0.08858       207       640    0.9844    0.9741    0.9885    0.7059   0.02071   0.04616 9.712e-05
   376/399     23.2G   0.02093   0.06437  0.001115   0.08642       162       640    0.9844    0.9741     0.989     0.706   0.02071   0.04618 9.713e-05
   377/399     23.2G   0.02072   0.06481  0.001019   0.08655       168       640    0.9844    0.9742    0.9885     0.706   0.02071   0.04619 9.701e-05
   378/399     23.2G    0.0208    0.0639  0.001071   0.08577       147       640    0.9847    0.9745    0.9885    0.7053   0.02072    0.0462  9.66e-05
   379/399     23.2G   0.02092   0.06452  0.001107   0.08655       143       640    0.9841    0.9736    0.9885    0.7061    0.0207   0.04619 9.615e-05
   380/399     23.2G   0.02084     0.065 0.0009797   0.08682       170       640    0.9842    0.9736     0.989    0.7059   0.02071   0.04618 9.614e-05
   381/399     23.2G   0.02118   0.06581  0.001054   0.08804       184       640     0.985    0.9735    0.9888     0.706   0.02069   0.04619 9.602e-05
   382/399     23.2G   0.02097   0.06488  0.001024   0.08687       212       640    0.9845    0.9749    0.9888    0.7055    0.0207   0.04621 9.587e-05
   383/399     23.2G   0.02114   0.06483  0.001146   0.08712       164       640    0.9841    0.9745     0.989    0.7059    0.0207   0.04621 9.602e-05
   384/399     23.2G   0.02107   0.06585  0.001221   0.08814       207       640    0.9845    0.9749     0.989    0.7057    0.0207   0.04624 9.616e-05
   385/399     23.2G   0.02076   0.06359  0.001051   0.08541       176       640    0.9851    0.9736     0.989    0.7055    0.0207   0.04625 9.569e-05
   386/399     23.2G   0.02108   0.06273  0.001056   0.08486       156       640    0.9838    0.9734    0.9889    0.7048    0.0207   0.04623 9.562e-05
   387/399     23.2G   0.02075    0.0646 0.0009876   0.08634       173       640    0.9832    0.9745    0.9893    0.7052   0.02071   0.04627 9.553e-05
   388/399     23.2G   0.02114   0.06525  0.001087   0.08748       215       640    0.9838    0.9734     0.989    0.7053   0.02072   0.04626 9.543e-05
   389/399     23.2G   0.02101   0.06433  0.001078   0.08641       166       640    0.9841    0.9731    0.9893    0.7057   0.02072   0.04628 9.579e-05
   390/399     23.2G   0.02102   0.06531  0.001206   0.08754       192       640    0.9842    0.9728    0.9892    0.7057   0.02073   0.04628 9.533e-05
   391/399     23.2G   0.02128   0.06517  0.001121   0.08758       158       640    0.9849    0.9742     0.991    0.7051   0.02073    0.0463 9.574e-05
   392/399     23.2G   0.02107   0.06564  0.001134   0.08785       155       640    0.9844    0.9728    0.9893    0.7056   0.02073   0.04628 9.603e-05
   393/399     23.2G   0.02101   0.06634  0.001121   0.08848       162       640    0.9844    0.9728    0.9892    0.7056   0.02073    0.0463 9.634e-05
   394/399     23.2G   0.02155   0.06729   0.00124   0.09008       239       640    0.9844    0.9728    0.9892    0.7054   0.02072    0.0463 9.613e-05
   395/399     23.2G   0.02086   0.06424  0.001091   0.08619       189       640    0.9845    0.9728    0.9892    0.7052   0.02072   0.04629  9.65e-05
   396/399     23.2G   0.02084   0.06407  0.001053   0.08597       144       640    0.9848    0.9727    0.9892    0.7061   0.02071   0.04629 9.624e-05
   397/399     23.2G   0.02088   0.06538  0.001147   0.08741       194       640     0.984    0.9722    0.9892    0.7058   0.02071    0.0463 9.598e-05
   398/399     23.2G   0.02106   0.06637  0.001208   0.08864       200       640    0.9842    0.9722    0.9892    0.7058    0.0207   0.04629 9.597e-05
   399/399     23.2G   0.02076   0.06451  0.001045   0.08632       201       640     0.984    0.9722    0.9892    0.7058    0.0207   0.04629 9.621e-05
